7.074
5.981
2.334
6.648
3.611
14.184
8.518
3.648
3.685
4.666
5.296
2.814
7.129
2.87
7.815
2.092
4.111
3.629
3.352
3.667
5.241
2.574
7.222
3.445
6.166
1.611
7.037
3.63
5.092
4.74
2.445
7.055
8.611
2.851
5.796
7.407
2.555
2.889
4.481
6.759
2.63
2.259
1.945
2.982
3.444
3.092
7.537
4.407
9.5
2.833
2.297
6.166
2.796
5.925
2.704
5.703
10.036
10.481
5.37
6.815
2.519
3.981
5.166
6.555
2.981
4.926
2.611
2.537
2.704
2.315
4.129
5.278
7.574
2.87
4.556
5.722
3.037
9.944
4.777
6.722
4.518
2.555
4.833
2.556
7.555
9.296
9.092
5.018
2.352
7.5
6.907
48649.8
73909.9
47541.2
50523
59459.3
49987.2
54436.3
47015
50244.5
49718
50252
61558.3
46644.8
47080
56182.2
62598.5
52764
54812
43547.6
46073.5
43898.1
44669.9
47670.8
43740.5
45592.3
45658.7
66890.3
49549.5
46837
45246.6
50268.8
47856.7
44934.5
56443.3
47223.9
48819
47485
46439.4
47911.8
45043.8
46225.3
49379.3
46670.3
44435.8
49854.4
51712.1
44826.7
45964.6
47182.9
45689.2
55499.7
44443.4
43236.2
47096.1
45480.6
47154.6
46680.8
45414.5
44689.2
47383.2
47168.5
51824.3
57415
48307.1
69755.2
45428.6
47914.8
43513.3
43433.7
49545.3
48067
51605.1
46718.8
49511.9
84815
62822.1
51358.6
47538.3
47254.6
44344
54304.7
47678.9
50296.6
49615.1
55230
46024.1
54110
47027.5
48214.9
51978.7
47189.9
52166.4
48612.9
46283.6
48492.7
51757.1
51921.4
44284.8
55044
46318.1
45911.6
49774.9
62407.7
49241
58363.8
45472.9
45404.5
44439.9
43581.1
43859
46501.8
42951.9
43741.7
50675.3
44205
57791.8
44978.7
46895.2
44476.1
52367.3
44179.5
50783.3
51972.3
50181.6
60469.2
43003.6
53789.5
51668.6
55177.5
44502.6
47234.9
43910.8
56562.4
44151.7
56076.3
77415.2
51316.2
41195.2
45288.1
51187
55115.8
46845.9
46439.2
44247.9
50719.4
46830.2
45116.2
52808.9
52337.4
66056.4
45945
69383.2
48053.8
56385.7
50342.5
48914.3
42851.3
49183.9
75507.4
48449.1
53132.7
53948
44392.1
52090.4
44534.3
44841.3
56796.5
45052.9
42447.8
44658.2
46299.1
48588.4
50336.9
53975.7
56727.3
61622.1
54670.4
53161.1
47780.7
75767.9
47030.3
66516
58131
46239.1
59916.8
54439.9
54019.1
49636.3
47924.5
71999
50738.5
64855
55496.3
79851.2
121679
55655.8
48949.4
45306.5
63321.9
51810.7
49335.7
47054.8
54943.1
48257.8
49389.4
57030.1
48029.8
56267.2
102822
54948.2
56475.7
68581.2
46840.4
50742.5
50053.6
49365
46294.6
49341.5
55675.8
47634.2
50277
49049.1
46932.2
46929.5
47206.9
48043
48579.7
48324.1
47960.3
49961.8
46151.2
47019.6
52601.7
55286
53872.2
63324.4
64197.6
53153.6
51538.1
59081.7
53361.7
50108.5
54170.2
54509.7
50977.1
54485.5
48801.1
57579.6
54576.2
50902.8
51828.8
60165.5
55122.6
53337.2
54262.9
52616.9
48331.6
52553.5
50113.4
62600.7
52023.4
49411.4
63768.8
45218.4
47463.4
69276.2
67153.5
73991.1
53009.2
48786
49331.4
48395.2
50277.7
48284.7
54691
46738.3
46399.6
60075.3
51989.8
45055.7
57984
45813.1
50016.2
47238
49634
63849.9
57824
54148.9
55109.2
61352.6
44959.3
43685.8
44799.2
44029.4
43971.8
44165.4
44851.6
48120.2
64049.7
46634.1
50133.3
54434.6
48123.4
54537.7
55232.5
50511.2
56389.4
50682.6
51274
51699.9
53574.8
55315.8
47462.3
54389.4
55163
47935.6
46305.5
47302.4
49421.3
64599.7
58702.6
58836.3
46361.3
64230.6
46121.8
59476
54423.1
57077.2
44243.5
45777.2
44227.5
45386.6
50896.5
49951
52356.1
49570.4
48032.1
55287.7
46692.6
6.537
5.241
5.333
3.833
2.241
5.63
5.851
4.556
14.852
3.666
2.814
8.592
6.111
3.592
4.13
9.203
4.037
3.815
4.333
