50.778
4.741
4.074
4.055
3.686
2.648
2.87
2.611
3.778
2.462
2.148
3.574
3.149
2.981
3.519
3.166
2.833
2.185
2.278
1.963
2.407
2.204
2.296
2.593
2.648
3.481
3.722
3.13
3.259
3.944
3.074
6.204
3.648
5.075
4.167
3.518
3.371
3.389
3.481
4.129
4.037
2.297
2.315
2.278
1.76
3.204
2.926
2.129
4.223
3.463
3.556
4.074
3.926
3.722
3.611
3.056
4.444
4.63
4.537
5.907
2.63
2.37
2.463
2.278
2.222
4.463
6.426
4.685
4.315
2.37
2.463
3.278
2.815
2.334
2.315
2.889
2.63
2.037
7.277
2.352
2.352
2.185
2.407
2.518
3.148
3.908
3.352
6.463
3.074
3.259
3.908
3.907
2.796
2.963
3.093
2.5
2.703
2.926
3.204
3.5
2.982
2.815
2.463
2.315
4.907
4.371
4.963
2.592
2.352
2.444
4.759
80457.8
66330.4
44253.8
44396.6
43619.3
43199.9
44997.9
51788.7
102878
43905.3
44440.4
51730.3
43450.7
47555.6
44807.3
52247.5
44214.8
47697.3
61339.4
47193
45299.6
43920.7
43918.4
49840
47927.1
45102.8
50583.5
60798.4
45815.3
49794.7
47139.7
45729.9
44470
45226.7
45149
44753.8
44471.5
45057.9
44759.9
47320.3
51192.2
58758.6
45478.1
53568.1
48037.7
45929.4
44271
47264.9
44388.8
43334.2
44892.3
43618.5
43825
43824.9
42915
43329.2
43304
42913.9
43189.7
44931.8
44646.1
43739.5
49898.2
52065.8
47909.3
43248.5
44992.5
46412.5
46986.9
72038.8
60762.2
46358.6
49905.8
45781.9
47659.4
46663
46370.7
45132.8
45775.6
45969.7
44017
43643.9
44191.7
45123.5
45992.8
45262.8
43887.7
46199.4
43909.7
45877.5
44798.9
46255.5
77311.5
45397
44655.6
44376.4
42842
42800
42722.9
42658.6
53826.5
72888.4
42751.5
42681.9
42709.9
42499.1
42470.1
42219.1
43070.7
61076.8
56571.4
43059.1
43738.9
47625.8
44194.9
44960.4
51831.7
43549
45845.7
42377.3
41546.4
41768.1
41396.6
41022.2
41557.8
41509
45362.9
45926.8
43461.7
46006.3
43158.1
43197.9
42314.1
44651
56050.2
62384.9
42006
40819
42197.8
43649.1
47052.5
46607.8
48377.9
44556.7
46099.2
44920.5
44090.1
44695
44400.3
44536.9
43224.1
46654.7
43558.6
44454.3
43517.5
44758.7
43117.7
43761.2
43257.1
43151.1
44905.4
43091.9
43610.3
42716.8
43564.4
43162.9
42310
42479.4
43920.3
43800.2
45640.1
45786.9
45328
46395.7
45924.1
45964.3
46505.4
46666.3
47366.3
50104.1
47215.7
47637.2
46631.1
46491
47081.7
49781.2
47343.8
45462.1
50538.7
51462.4
45647.5
45315.6
44445.6
56076.8
69378.7
46887.1
45169.8
45166.9
49456.3
55210.2
48084
47262.1
47241
80205.6
49782.2
45971.2
45542.3
46286
104559
52559.7
46109
45532.6
43263.6
47667.5
45259.6
45455.3
45491.2
45553.6
47305.6
46552.4
45782.4
46287.1
45491.7
45025.7
46319.7
45671.2
45470.6
45661.5
44744.6
45910.4
45196
45160.4
45192.4
45305.7
44258.7
45207.8
45260.4
45335.7
44983
45083.8
45821.3
44381.2
45137.2
45295.6
45563.6
45736.7
46100.4
46641.6
45757.2
45473.2
45851.5
47125.7
46606.7
50264
52981.7
47682
52758.1
46075.7
44609
45480.9
59410
75323.4
45644.5
47232.7
45840.4
48531.1
46578.1
45778.1
46275.4
45560.7
48231.8
45977.1
45046.1
46742.2
49558.8
51415.5
46697.4
48000.3
45760
46491.6
45034.3
46453.7
45401.5
44453.5
45954.4
45368.4
46508.8
44777
44329.2
44719
45202.1
50311
45087.9
56985.7
46701.3
52488.1
46740.1
47504.1
48939.6
49742.4
64731.3
44480
45972.2
45058.7
45395.5
45838.3
45543
45208.7
44248.2
49631.5
69769.8
50075.9
44295.6
46650
44892.9
46360.6
44806.8
44516.6
46554.9
46234.2
44715.6
44207.1
44107.8
44230.1
44358.1
44047.7
46143.5
45766.8
49076.9
44567.2
47280.7
44909.2
44202.1
46937.7
44675.5
45488.5
44248.8
47244.4
45130
2.24
1.833
2.111
2.297
3
2.518
3.407
3.351
4.963
3.407
3.833
4.352
2.87
3.167
3.445
2.056
2.611
2.686
2.352
