6.204
2.203
2.203
2.445
2.222
2.537
2.704
2.519
2.278
3.685
2.778
2.815
2.278
2.519
2.296
3.129
2.408
2.296
2.074
2.611
3.223
2.407
2.407
2.408
2.555
2.555
2.426
2.24
2.334
3.278
3.185
3.352
2.111
2.722
2.334
13.63
2.537
5.575
3.389
4.297
5.204
2.148
2.556
1.982
2.204
2.666
2.148
2.629
3.685
3.296
3.389
3.723
3.963
7.185
2.741
2.666
2.537
4.112
3.074
3.871
4.075
6.333
5.297
3.408
1.944
3.518
2.334
3.056
2.611
2.204
2.018
2.926
2.389
2.648
2.556
3.074
2.334
2.556
2.537
3.408
2.833
3.166
5.13
3.352
2.518
2.444
4.148
2.981
2.092
2.611
2.519
2.5
2.796
4.222
2.648
2.204
2.463
2.223
2.722
3.722
4.519
5.129
2.592
2.185
4.444
2.833
2.148
3.889
3.556
4.333
4.426
67301.1
49399.8
44074.8
44957.7
44659
44325.9
48806
76276.4
46384.8
50319.5
44045.5
54304.4
43213.8
51506.5
75840.7
58914
43033.1
43868.4
44631.5
45871.8
47453.7
45344.8
44150.8
43692.7
43522.3
45223.4
50035.2
44774.5
45367.5
46527.8
44719.7
44758.3
44391.7
44648.6
44617.4
44415.6
44618.6
44623.9
44291.5
44465.9
52042.4
56495.2
44575.9
49484.3
45551
45256.2
44173.9
43845.3
44551.3
44825.1
45268.4
44577.7
43141.9
44066.7
43413.6
44231.5
46085.1
46752.5
50288.9
45558.4
46426.1
44414
44791.2
52710
44761.7
43410.2
51558.7
47956.6
42236.8
46188.3
44616.9
44383.4
46597.2
47423
49374.6
66292.6
52555.4
44224
44413.6
44878.6
43721.5
43725.4
44914
44179.5
43895.3
44305.7
43599.5
49237.8
44898.8
45338.6
43988.2
43841.9
44394.9
43367.3
44008.3
44422.5
43886.7
43858.9
44853.4
44632.6
44299.6
43228.4
88817
57252.7
44359.2
44774.1
44584
43256.9
44008.3
43330.4
43511.8
43291.8
43344.3
43694.5
43540.9
42487
44940.4
45115.7
43819.5
43878.6
51140.3
48728
42844.1
44660.4
43313.8
42705.8
41392.7
43369.2
42796.2
47469.6
68741
53239.4
46034.3
45817.3
44414.8
42292.7
46767.7
40999.5
41255.2
46034.8
45457.2
43758.4
45613.3
45650.9
44412.2
43482.5
43682.9
43959.9
43651.3
43486.6
43205.9
43488.2
42937.4
43644.4
43055.5
43535.7
44214.4
42948.2
42558.4
43465.3
44360.7
42778.7
43119
42885.3
42751.3
43359.8
42709.7
42928.1
43681.9
44191.4
45285.4
45710.7
45862.5
45762.8
46426.5
46747.5
45104.5
45722.4
46171.3
46414.6
51808.8
46503.9
63719.6
52629
45812.2
45345.5
45802.7
46513
50093.7
51996.5
45926
49817.6
44578.6
47539.3
48436.2
46742.6
45945.3
56320.8
47003.1
48876.4
52641.1
65829.9
62606.2
47145.2
47971.5
48442.8
46086.7
52890.9
84672.4
64486.5
45180.3
44959.5
42954.2
46765.3
44664.2
44346
44271.4
44761.4
45161.4
45381.2
44937.2
44635.1
44671.4
44318
44782.2
44476.8
44540.3
44517.9
44137.9
45409.5
44129.5
44093.8
43965.2
44111.7
43705
44073.4
44451.4
44149.3
44541.8
44205.9
43849.8
43788.6
44120.7
44499.1
44509.8
44612.9
44939.2
45055
45297.3
46097.6
45854.6
50854
47129.7
51629
53143.8
48990.2
47613.5
46096.4
44687.7
50837.5
54948.9
78868.6
44921.8
43956.4
44670.7
46701.4
45351.5
45375.2
49549.1
44805.5
45731.5
47149.7
67436.9
44898.7
45490.2
45065
44934.9
45347.6
44990.6
44658
45502.8
52282.5
50702.7
45504.9
48271.2
51916.8
44477.6
43897
43681.3
48592.1
44285.5
44341.4
44641.7
44923
58179.4
72564.9
43458.6
43643.4
43610.8
44709.9
47147.1
48963.1
47311.1
55183.5
45585
46343.2
46204.8
45845.7
43713.1
45316.3
44416.6
46086.7
44199.3
46940.9
48026.5
45176
44870.5
44575
47878.6
50995.2
46612.9
44719.9
44428.4
44509.4
44760.4
45175.9
45680.3
48445.7
55019.1
47506.7
48835.9
45027
44156.3
46958.1
45430.1
45945.4
46855.4
49252
44004.2
2.055
3.185
2.685
2.537
3.686
1.981
2.315
2.908
3.723
2.76
4.703
3.296
3.407
3.519
3.518
2.926
4.426
2.518
3.074
