46.926
2.852
2.222
2.871
2.704
3.185
3.926
2.482
3.667
7.037
2.815
2.315
2.241
2.37
2.537
2.907
2.112
2.13
2.278
2.056
3.296
3.222
3.277
3.222
3.223
3.797
2.37
2.574
2.149
2.334
2.352
2.63
3.5
4
4.704
3.815
2.37
2.703
2.445
2.148
3.833
4.278
3.24
5.352
2.111
2.222
2.111
3
2.038
2.537
2.519
3.833
3.018
3.296
2.315
1.981
3.371
3.611
1.944
2.426
4.222
3.222
3.13
3.5
3.13
3.296
3.537
4.111
3.981
2.907
3.333
2.704
3.426
3.463
2
3.074
1.963
2
45.462
2.388
2.24
1.63
2.759
2.296
2.129
2
2.611
3.444
2.556
2.333
2.407
2.463
2.889
3.482
3.463
2.704
3.76
3.444
4.315
2.759
2.333
2.333
2.667
2.407
4.037
5.278
4.278
3.278
3.704
2.093
2.222
44675.5
46767.2
69568.9
44310.5
44407.2
44295.6
44312.7
44424.1
82565
68619.7
45936.6
52692.7
43639.1
46168
48766.1
54629.2
43485.2
46673.5
65065.2
63060.7
44765
44624.5
47752.7
48973.5
44055.2
45510.7
44145.3
44704.1
46650.2
46228.6
49156.3
45070.5
45203
47741.1
46048.1
45076.4
49522.9
48281.4
47174.2
46031.3
50046.2
52217.1
44654.3
47159.5
46620.5
70162.2
52547
45884.7
44119.3
46029.5
45512.4
43507.2
46230.8
44621.5
43349.8
45005
43778.5
44254
43141.8
45121.6
45209
44426.4
46057.8
48682
46592.7
44148.1
45866.2
43782.5
43820.1
47237.7
51787.7
56014.4
44884.8
46003.8
50799.8
45482.8
44595.9
46066.8
44655.1
45080.1
45208.4
44004.2
44287.5
44275.6
44566.3
45398.1
45557
43889.4
44184.2
46639.6
45940.3
44447.9
52846.2
70824
43562.7
49071.3
44174
43283.8
45654.1
45276.3
45179.2
43580
43601.1
46096
47334.7
48015.9
44284.2
45980
44394.1
49166.3
66829.6
49925.3
46901.6
43652.9
43594.5
42572.9
43326.4
43120.4
42018.3
43552
44877.3
43555.1
42975.2
43741.9
43625.7
43393.1
42653.4
42796
42924.6
41829.7
42705.4
41905.9
42134.1
42137.7
43846.6
43951.2
42240
40990.1
41422.9
43521.8
49608.9
44679.8
44258
46068
44378.1
43420.7
44681.2
50146.2
65128.6
50096.1
43528.5
43681.9
43018.8
42973.2
42882.1
43734.6
43108.7
43143.6
42660.7
42432.7
43532.6
42747
42504.5
43430.5
42392
43039.7
43056.2
43266.6
42447.4
43618.3
44492.5
45024.4
46935.8
47232.7
48114.6
51415.3
46724.1
45121.2
50276.7
48550.4
51006.3
47735.5
52001.6
47299.3
46755.8
45223.6
46523.2
70691.7
49076.3
48102.3
47605.7
47183.7
45341.5
44831.5
50841.8
46327.6
45297
68701.9
46961.1
46999.5
46461.6
45767.7
45894.9
46846.9
46179
46951.5
72596.5
49959.4
90100.2
49678.7
47170.8
45797.2
44584.9
49974.6
45515.3
47390.5
45109.1
45806
49029
46262.2
45271.5
46394.7
45409.3
47491.3
45601.4
45393
45946.9
45259.9
44544.8
49776.5
49500
49558.5
49621.8
47913.3
48898.9
47091.8
44953.6
45346.3
46511.6
43973.8
43702.4
45079.9
44965
45302.7
45948.6
45237.5
44869.4
45605.6
46069.9
45037.5
45985.3
45554.6
48252.5
45005.3
48740.1
47647.4
49541.8
45950.9
45623.2
54237.8
72252.3
49404.1
49488
48198.6
48407
47054.1
49207.5
45641.5
46611.5
45920.3
47515.6
46107.7
47936
49678.6
49182.3
52550.4
45935.6
44681.2
45130.5
45913.4
44429.1
46025
48707.6
48388
47030.4
50427.5
54245.6
48103.8
49357
51978.2
51625
46071.9
46918.9
43993
43656.8
43745.1
44150.1
46184.9
45157.6
45397
97425.4
50205.6
45983.7
45151.9
45125.7
48206.9
46638.8
45325.9
43689.4
47704.8
50045.9
50791.5
44101.7
44838.3
44366
45570.2
44398.9
44790.9
46596.8
44675.2
45306.1
44940.8
44513.9
44593.8
45853.9
44724.5
45179.1
47900
49093.1
46909.4
47001.6
44775.2
47111
46535.6
57917.6
62161.9
45123.9
52938.2
44558.1
2.5
2.019
2.019
1.926
2.204
2.648
2.352
3.611
2.778
3.018
3
2.907
3.222
3.407
3.241
3.963
3.815
6.408
2.87
