6.388
2.87
3.482
2.297
2.314
2.537
2.611
2.481
4.778
4.018
2.944
2.87
40.426
2.166
2.018
5.926
3.019
2.741
2.241
2.5
2.278
3.167
7.352
2.815
2.537
2.296
2.092
2.204
2.093
3.074
3.185
6.037
3.334
3.352
3.945
4.056
2.611
4.185
2.26
2.093
2.129
4.556
7.574
3.612
3.111
6.13
7.685
4.944
1.852
2.352
2.481
4.148
2.537
2.111
2.371
2.574
2.296
4.055
3.055
5.278
4.926
4.092
3.63
3.648
3.333
4.056
3
2.926
3.222
2.185
2.13
2.63
2.407
2.556
2.148
2.13
2.093
6.093
3.148
2.296
2.186
3.37
2.982
11
3.334
3.426
3.519
8.741
3.778
2.944
3.111
2.981
2.648
3.722
3.426
2.963
3.166
76.63
4.056
4.314
2.685
2.167
3.352
2.037
4.055
5.037
3.871
2.685
2.908
3.797
4
44260.7
50946.5
43791.6
44275.6
43888.6
57837.2
79826.3
43761.9
46328.7
50800.8
43436.3
52954
82161.4
49495.5
47286.8
52123.7
43368.1
44816.6
44367.5
46407.4
48018.9
45367.5
44469.2
47423
47033.8
47806
50643
45786.9
44496.4
49159.4
45443.9
45153.2
46797.9
45540
45718.3
45642
46575.9
45195.2
45545.2
44203.9
49848.1
48601.4
44125.3
44573.7
44032
44169.2
43253.5
43339.2
43563.6
44300
51013.3
47145.4
50051.7
46842.6
46789.5
43367.6
43927
42922.2
43529.9
46527.2
44168.8
44865.3
48090.3
45477.3
43304.4
44335.8
43580.7
43869.8
44030.7
43930
43607.1
42803.8
43992.4
43707.7
46341.4
48646
44185.2
45100.4
43721.1
43590
44770.4
43274.2
43782.1
44112.7
47914.1
44521.4
43667.8
43553.5
43190.6
44475.2
44331.7
44651.8
52172.2
44463.1
44008.1
44729.9
43715.8
43309.8
45800.5
53275.8
66473.9
43667.5
43478.7
49343.5
44088.4
56737.1
82529.7
43268.1
46686.8
44520.6
43108.6
44109.4
43415.9
44544.1
43012.2
44301.9
42891.4
43497.5
42874
42131.6
43687.1
42991
42218.4
42492.6
43073.2
43474.3
41944.4
47028.1
44012.2
43146.2
41988
41828.4
41839.3
42302
42078.4
41914.2
41394.9
40630.5
41089.8
43508.3
48570.5
44728.7
52888.8
46480.2
73326.9
50230.3
43914.3
43055.9
45037.3
43024.5
47850.3
44058.6
44478
43197.5
45871.7
43361.5
42790
44761.5
43069.8
44677.9
43204.4
48356.9
42386.3
42517
43840
42602.4
42837.2
45413.7
42486.9
45785.9
45006.6
49397.1
47446.8
50545
47604.5
48713.7
46457.4
45260.9
47582
52987.4
46965.3
46379.5
46226.3
48005.3
65013.5
69484.9
50146
46670.7
45651
49622.8
48100.2
47796.5
44906.9
45995.9
46341.9
46180.8
46240.4
47435.5
50571.4
46762.9
49835.3
48061
46539.3
46412.1
46953.9
46681.3
47294.5
51010
89928.7
45101.1
48435.5
45702.9
44662.3
52374.9
45082.2
47306.9
47103.7
51669.2
46783.6
46842.5
47574.8
50189.6
49893.3
45760.2
47379.2
50920.9
47276.1
46048.3
46690.5
47206.2
45608.9
44012.8
48430.9
47426.6
53236.9
44448.1
48384.7
45307.9
49293.3
45274.9
46481.2
44578.7
49103.2
46705.5
46535.9
46620
47396.4
46368.3
46540.3
46928.9
48016.6
47186.1
46455.5
47500.9
47193.6
46017.8
44934.9
45216.7
44613.3
49653.3
68228
53747.2
45365.3
45221.2
49551
48283.3
48766.3
46496.8
49463.6
45174.2
45376.6
45292.7
45088.5
45790.3
48967.3
48398
45434.3
45385.1
46391.5
47786.9
45826.6
46739.9
50075.8
45287.9
45247
43206.7
44813
45015.9
45104.4
44005.8
44343.1
44237.5
66392.2
57540.1
44604.5
43619
44596.7
45137.7
43169.6
43462.9
58001.6
66181.2
44581.6
44534
46260.9
45219.9
44850.8
44682
44916.7
44630
47174.5
76442.9
55725.4
45572.9
47836.4
45714.5
44810.3
44016.8
47422.8
50102.6
49206.1
45145.9
45023.8
44513
47506.5
50175.7
44528.5
44478
47592.3
44319.5
44728.1
44719.2
44562.9
52213.2
44282.3
45285.1
44368.6
44995.8
44628.6
1.908
2.537
2.334
1.908
2.055
2.166
2.482
3.87
2.241
3.63
2.24
2.667
2.112
3.445
5.185
2.722
2.426
2.537
3.685
