7.649
4.352
2.556
2.63
2.815
3.463
2.296
2.426
2.315
1.982
2.278
3.852
3.444
2.315
2.037
7.389
2.426
2.056
2.537
2.167
2.537
2.204
2.074
3.463
2.5
2.518
2.926
2.185
2.074
2.111
3.537
3.889
2.5
2.148
2.334
2.148
2.092
3.296
5.167
3.722
3.888
2.315
2.518
2.352
2.148
2.037
2.833
2.129
3.944
3.5
2.241
2.074
9.111
2.759
2.148
2.019
5.74
3.204
2.537
2.926
5.204
3.963
3.778
3.926
2.63
2.074
2.76
2.203
2.518
2.278
2.907
2.888
2.259
2.759
2.407
2.148
2.314
5.425
2.852
4.056
4.148
4.926
7.371
3.852
2.925
3.204
3.833
3.037
4.074
2.407
2.056
2.018
2.537
3.333
2.278
1.981
3.148
2.13
2.926
6.538
2.389
2.241
3.482
5.408
5.481
2.815
2.574
2.315
2.704
5.167
4.925
69744.1
75874.7
43663.5
43392.1
48214.2
44039.8
42980.2
44671.3
45346.5
48479.8
44926
49576.7
43673.4
46712
87934.5
51919.6
44829
44708.8
44476.6
45371.1
46553.2
44005
44054.6
45565.5
45163.6
45949.4
49140.3
58988.3
45321.1
50089.8
53575.9
43861.9
43770.5
46679.5
46395.3
48931.6
48966.7
48760.3
47400.7
43955.5
46659.1
46507
44532.2
46971.1
45369.1
44912.6
46350.9
43756.6
45716.4
49971.3
49142.4
45409.3
46686.8
47359.1
45615.2
44333.5
45821.7
44564.3
45989.3
44992.6
44751.2
45216.8
48703.8
49424.2
44324.2
53713
67989.2
44373.9
42587.6
43173.3
51373.8
45047.8
44251.1
47872.5
47276.4
43845.5
46304.2
66937.9
52814.5
43797.4
44002
43986.3
44504.6
43939.3
43982.1
44056.7
43315
43621.4
44490.3
47221.2
43737.8
44019
48577.8
43657.3
44544.2
47510.4
45933.4
74216.2
42711.4
46063.8
43910.2
42984
85079.7
62266.4
44367
42715.9
44566.3
43085.2
43167.3
43103.4
43036.9
43480.1
43242.7
44376.2
44009.7
43524.2
43315
42524
41651.6
43977.8
45581
46711.7
42986.9
48292.3
42504.1
43231.7
41688.9
42581.5
42787.6
43336.4
60697.6
61631.5
45562
42690.3
42564.3
42314.9
47077.6
40377
41044.7
47168.9
46418.2
43109.5
46358.9
45675.8
46019.6
45123
47872.7
44374.2
43351.3
45125.7
42949
48153.7
46277.2
47222.1
43357.1
42995.9
42799.3
42594.6
42349
42514.9
45147.2
42732
43297.7
42137.2
42241.6
43013.5
42788.2
42773.1
43933.1
46034.7
45167.3
48946.9
45810.8
45159.1
48938.7
51879.1
44571.3
46776.8
49504.6
51013
46256.9
46536.1
47015.1
46435
46924.6
46490.8
46399.2
46606.7
45650.4
46264.9
47733.1
46459.2
44932.9
47906.3
45537.3
45713.8
45333
46152.7
46057.4
58637.3
70297.6
46827.7
46026.4
46125.2
48429.4
48225.2
48238.3
51660.9
82079.8
65083.9
45395
45183.1
42945.1
47412.6
45155.5
44774
44847.3
45484.9
45654.8
45767.6
45626
45113.2
46475.4
44730.1
46915.7
45770
45448.3
44234.3
44965.3
43580.2
44569.6
43804.8
43685.8
45707
44169.7
45366.2
44078
44956.9
43858.5
44740.2
43554.9
43407.3
45009.7
44796
45430
44246.1
45451.8
44864.2
45561.4
45226.1
46171.8
46948.1
45612.8
49770.9
46133.2
46610
45944.8
45951.5
44082.5
44136.8
44575.5
63461.1
55315.4
44836.3
44983.2
46973.5
46769.9
46141.4
45938.4
45113.6
45897
45211.4
72421.4
45071.1
45244.7
45497.6
44616.1
45953.2
44546.5
46721.6
44740.6
44186.1
44585
44228.2
45989.8
44718.3
46473.4
44215.7
45262.8
45498.6
47807.1
44928.3
44579.1
48846.9
52736.5
69531.2
49734.8
46184.6
46776.4
46893.9
46878.9
45799.9
48864.4
77624.1
66155.6
51996.6
44467.4
45030.9
44053.7
49172.6
48356.7
45747.4
44216.2
44902.6
44489.3
45934.3
67667.4
53330.9
47656.4
54880.9
47070.7
44982
45885.5
46276.3
49775.5
54000
44805.9
48190.7
50809.9
69424
57205.6
46953.4
43690.7
44547.6
44015.5
44289.1
43758.1
47583.5
44788.5
2.704
2.056
4
2.74
2.389
2.037
1.981
2.907
2.297
3.074
2.26
5.667
2.259
2.371
2.945
3.703
2.944
4.907
2.426
