31.667
2.759
2.278
4.796
2.148
2.296
2.167
1.87
6.833
3.408
3.944
3.722
3.556
2.907
3.629
4.759
2.5
2.074
2.445
2.278
2.13
2.445
2.148
2.204
2.259
2.24
4.074
3.574
3.223
3.889
2.852
2.87
2.87
2.315
3.167
3.037
2.204
3.833
4.333
4.092
6.037
2.297
4.13
2
2.408
2.222
2.612
2.685
3.778
3.204
2.556
2.519
2.889
2.778
2.5
2.13
2.481
2.649
2.815
3.314
4.889
3.556
5.241
6.222
2.148
3.926
2.13
2.852
2.389
2
2.556
2.055
2.074
2.259
2.537
2.074
2.5
2.241
2.5
2.852
3.667
4.334
9.018
5.371
8.574
2.055
5.685
2.426
2.666
2.518
2.37
2.481
2.037
2.685
2.278
1.723
2.982
2.5
3.241
3.278
4.741
4.593
2.797
2.259
4.5
2.463
2.204
7.723
2.389
2.556
2.537
9883.33
12366.9
7282.35
10972.5
9342.68
6534.22
7486.01
7404.59
8617.49
9339.18
4928.24
4437.44
4414.98
4395.03
4489.07
4384.94
4464.11
4518.26
8458.72
8357.4
8435.42
8695.22
8377.81
4748.9
4449.7
5101.13
4696.81
4536.79
4404.26
4392.66
4855.65
4754.79
4522.98
6684.38
9154.77
10587.7
10161.2
4436.22
4388.29
4470.89
5069.5
4345.83
4378.42
4555.46
4679.35
4405.7
4450.52
5028.22
4643.66
10423.1
8971.11
8473.62
8169.87
6999.01
4330.42
4340.27
4355.26
4390.65
4301.65
4426.09
4691.35
4377.28
4539.9
4922.66
4292.26
8164.31
7188.74
7373.75
7074.22
4382.46
4663.13
4552.9
4427.52
5220.39
4628.46
4785.87
4552
4851.94
8258.2
8190.2
9363.12
7077.79
4570.85
5074.26
5118.16
10660.5
4336.24
4523.24
4335.98
4809.27
4325.09
7781.94
7718.59
7325.18
6903.68
6597.59
7421.46
6979.53
7208.07
13205.7
8022.87
4395.9
6955.09
4358.81
4296.15
4277.98
4344.98
4702.92
4525.9
4543.33
9376.62
9123.64
6804.12
7139.94
7151.79
7244.37
7564.44
9150.72
4381.98
4807.85
4621.03
4439.44
4620.76
4265.96
4480.37
4318.68
5629.68
4506.13
4383
5258.79
5028.63
5099.46
8688.14
8502.03
6242.81
10069
10416.9
10992.8
9538.22
4430.63
4316.48
4403.31
5252
4374.2
4334.61
5397.05
4969.65
5507.92
4311.42
4259.26
4518.16
8229.42
4495.55
5512.53
4698.61
4750.39
4262.74
4303.46
4325.72
4259.18
4382.26
4686.48
4658.37
4346.96
4258.09
4233.48
4366.7
4218.24
4277.87
8144.22
4542.18
4562.09
4504.65
4770.37
4544.27
4635.59
4605.35
4519.55
4766.03
4704.31
8679.83
8612.48
7211.25
4607.81
4653.72
4585.15
4756.26
4610.29
4499.79
4778.68
4531.44
4625.11
7466.83
11052
8784.14
9251.64
9000.29
6807.77
9963.74
10004.5
9018.22
8676.72
7844.11
4955.87
4705.18
4656.52
4542.37
5163.33
16055.3
10492.8
10687.7
11313.8
10018.3
18778.4
11621.7
9852.24
7241.53
5160.35
5022.53
5480.48
4837.27
4512.9
4627.72
4887.98
4665.39
4511.24
4550.65
9794.42
8482.77
11310.5
4439.85
4644.83
5039.52
4826.87
4489.96
4993.46
4688.33
4506.2
4705.18
4626.92
6573.35
6196.98
4673.29
8588.68
8528.11
8392.79
6840.5
6893.2
7222.07
6981.83
7119.96
7683.68
8249.68
11394
12101
10017.8
6969.66
6773.96
5057
4613.72
4477.16
4767.79
4497.07
11478.3
9017.62
8389.98
7797.9
6822.37
8865.29
8527.38
4707.4
4783.27
4489.27
4670.59
4459.72
4672.29
4814.98
4387.33
4450.03
4857.81
4409.5
4432.74
7943.18
9271.29
6676.46
7036.18
7274.38
6894.09
4458.35
4507.11
4877.72
4964.18
4345.18
4401.87
4405.98
4471.83
4425.68
4363.63
6656.66
6672.46
10837.4
9468.88
9533.4
9444.53
8982.37
8987.98
9967.37
4636.57
4417.5
4468.74
4492.33
4469.02
4907.24
4504.9
5147.29
4518.2
4913.07
8927.51
4454.2
5576.81
4723.07
7004.83
5137.31
4481.11
4417.31
4394.59
4414.05
10672.9
4483.92
4439.44
8374.79
6697.09
4367.2
4458.77
4424.68
4475.16
4390.81
4427.94
4515.37
2.278
2.926
3.667
3.777
2.982
2.093
3.796
5.463
3.093
2.518
2.333
1.907
2.815
1.889
2.592
3.222
2.037
2.537
2.63
