61.519
4.259
3.296
3.963
3.408
2.926
4.24
2.278
2.296
2.259
2.482
3.038
2.444
2.204
2.352
2.685
2.204
3.833
2.333
1.87
2.408
2
1.796
2.408
2.389
2.297
2.185
2.185
3.518
3.482
3.018
2.926
3.204
4.852
4.019
3.593
3.907
2.148
2.685
2.093
1.982
3.611
3.778
3.649
1.907
2.611
2.778
2.333
2.185
2.222
2.685
4.5
3.129
2.389
6.648
3.704
4.13
3.722
3.87
2.111
2.667
3.704
2.481
2.297
2.056
4.166
5.26
4.574
4.741
2.185
2.908
4.463
2.463
2.334
2.111
2.834
2.593
3.981
3.556
2.278
2.408
2.5
3.093
2.852
3.667
3.222
3.815
4.519
3.519
2.722
2.815
3.093
3.129
2.704
2.648
1.797
2.593
2.333
2.611
2.741
2.204
6.019
3.722
3.074
5.426
2.648
2.315
2.593
2.963
2.389
2.593
4523.94
4462.7
9451.33
9413.77
9695.94
4376.68
4393.53
4606.46
4688.09
5064.52
5243.98
9525.03
5272.07
4803.39
4999.35
4463.55
5117.68
4421.83
4457.96
4604.09
4673.04
4404.31
4675.18
9580.79
8930.24
7542.55
7678.25
11480.1
5337.89
4534.18
4466.33
5135.52
4389.77
4404.87
4543.96
4574.15
5075.09
4373.09
4388.68
4676.4
9956.88
8653.09
8920.05
8183.9
4849.7
4373.61
4425.27
4949.68
4527.48
4255.31
4336.5
4676.03
4352.83
4277.35
4295.18
4317.44
8897.38
9168.5
8298.94
12068
11477.1
4326.55
4293.11
7359.22
4374.89
4312.16
4311.31
4258.65
4354
4360.39
4337.48
4373.29
4402.13
7181.79
6516.98
6532.24
7133.68
6771.77
4432.13
4324.33
4403.96
4344.37
5225.52
4942.02
4376.81
4348.18
4337.15
4335.17
8963.48
9242.5
9384.4
4337.63
4400.54
4873.42
4602.52
4462.98
4381.68
4417.79
7203.96
7516.37
7877.01
4359.05
6714.31
4348.27
4399.33
4287.42
5572.85
8038.46
5168.59
4867.05
9166.31
8075.01
4332.42
4273.65
4283.05
4313.74
4966.4
4810.4
4445.39
5166.98
9161.72
9686.59
9426.9
4163.26
4544.98
4919.74
4529.68
4294.33
4244.26
5776.92
4396.94
4377.53
4389.39
4383.76
6983.74
7925.18
7811.02
9861.4
6814.88
4314.87
4494.77
4423.61
4806.5
4289.74
4263.79
4717.27
4498.87
4789.18
4248.29
4227.98
6549.24
6856.74
6383.31
6442.66
8750.88
9129.62
8959.22
6374.79
5465.22
4892.33
5233.15
4491
4422.04
4285.02
4385.22
4281.92
4236.05
4344
4276.44
4565.26
4503.02
7769.05
4593.83
4833.72
8040
4573.9
4581.55
4639.52
4615.67
4589.29
4541.81
5037.44
7628.38
4705.42
5288.96
4819.05
4555.85
4716.02
4512.37
4550.17
4496.29
4943.11
4504.46
10604.3
11579.7
10641.2
9684.81
4655.22
4649.68
4599.72
4612.55
5880.44
5317.16
9871.37
10790.2
7635.85
4651.13
5565.74
9700.62
9686.98
9687.79
9700.37
9228.96
11018.7
9656.96
11102
5664.66
4918.81
4598.92
4592.22
4574.79
4715.96
4961.39
4662.61
4571.37
4862.92
8956.2
10873.6
10537.8
12667.5
4474.24
4661.76
4969.44
4742.63
4855.35
4458.52
4476.7
4475.07
4614.16
4445.11
4419.42
5178.31
4529.18
4544.05
4481.42
5431.9
8640.9
6817.74
4548.77
4784.85
5197.66
5875.9
4543.94
4525.18
4519.81
4683.55
4495.27
4522.87
9812.79
11197.1
9586.11
6731.92
7524.55
8383.68
9248.98
8550.81
9150.68
5150.52
4907.16
4554.15
4519.92
4566.24
4669.98
4526.83
4477.13
4500.26
5980.27
4471.4
5362.87
8577.29
4689.44
4469.44
4529.68
4467.92
4496.48
4522.27
4487.16
4419.17
4765.76
7191.37
11111.3
8418.07
4435.83
4421.39
4450.67
4453.74
4402.5
4373.57
4486.76
4424.63
9593.94
10530.2
9851
10119
9888.53
9006.55
8777.53
8521.62
7515.66
7559.07
6731.64
9258.46
8084.94
5064.33
4790.18
4963.33
4914.02
4510.17
4520.65
4798.02
4857.79
4459.92
4629.85
9951.55
8400.83
12637.8
4713.76
4538.35
4901.74
4961.2
4416.98
4560.83
4373.72
4713.26
4597.35
4459.11
8291.38
6725.83
4421.28
2.278
2.5
2.389
1.926
2.463
2.463
2.37
2.129
3.203
3
2.722
3.649
3.5
3.537
2.555
4.26
5.425
2.333
2.278
