9.963
2.981
3.204
4.074
2.686
3
2.388
2.166
3.334
3.593
2.482
2.444
2.204
2.778
2.408
2.908
2.167
2.389
2.148
2.907
3.352
2.778
3.037
4.815
2.648
3.037
2.667
2.204
1.981
2.574
2.648
2.537
3.241
4.315
4.241
3.926
2.222
3.222
2.111
2.111
2.592
4.315
4.796
4.537
3.37
4.371
4.296
4.166
2.371
2.297
2.018
3.5
2.574
2.87
2.462
2.074
2.944
5.241
2.63
3.519
3.926
4.834
3.278
3.667
3.296
4.629
5.111
3.574
3.148
2.463
2.389
3.278
2.334
2.463
2.593
2.648
2.37
6.13
2.593
1.963
2.129
2.314
2.222
3.315
2.167
1.963
2.407
2.426
3.611
1.871
2.37
2.019
2.371
2.445
2.055
2.389
2.074
3.093
2.148
2.26
2.204
2.852
3.648
3.482
3.741
2.389
2.111
3.222
1.926
4.63
4.148
4486.42
4450.18
4596.28
4639.44
4667.54
4376.74
8431.88
4587.05
4507.57
4738.26
4409.65
4541.37
9358.37
6614.94
9852.53
10653.7
9740.68
11619.5
4380.92
4465.46
4530.57
4453.83
5293.13
4447.65
5815.48
4483.66
4402.29
4462.7
8321.83
8255.18
10185.4
9550.35
9223.72
5234.83
5576.72
5106.28
4770.42
4395.85
4379.09
4397.52
5080.59
4727.5
5268.13
4821.7
8206.98
8240.85
13032.1
7045.79
7595.4
4276.16
4768.57
4921.39
4384.33
4589
4334.07
4332.46
4349.52
4404.55
4420.39
4382.79
5482.16
7622.38
7773.55
7390.24
8939.7
6489.16
6538.05
6997.07
6540.65
4472.35
4318.61
4314.09
4538.78
4995.54
4316.59
4407
4659.41
4798.9
4451.59
8098.29
8632.48
9501.03
4451.22
4396.13
4730.2
4431.77
5200.7
4380.04
4342.89
4493.42
4434.87
10944.8
14793.4
4355.26
4331.35
4519.91
4364.76
4392.67
4628.66
5115.57
4675.16
6540.74
10796
17269.3
11461.8
11483.5
7927.72
6622.68
7385.61
6934.53
4463.11
4371.57
4388.57
4357.52
4300.55
4253.52
4337.42
4692.04
4246.26
7123.37
8895.18
9741.13
6974.87
7646.53
7079.61
7301.02
7585.05
6983.83
4250.02
4172.22
4359.33
4721.83
4270.79
4333.11
4199.13
5204.5
4222.98
4517.72
4282.5
8295.87
10656.6
7275.59
8270.96
4560.72
4276.68
5526.72
4673.54
5089.98
4449.94
4328.46
4499.4
4299.83
4306
5458.94
4513.24
4527.22
4315.98
4458.46
5001.37
5136.37
4697.89
7078.05
6996.77
9343.75
8007.57
4378.11
4332.59
4232.68
4344.4
4348.37
4440.46
4644.22
4499.74
4783.63
4567.22
8556.37
8494.11
7842.16
7735.72
7695.09
7042.46
7169.63
6803.5
4553.11
4765.44
4668
4561.02
4583.59
4600.4
4532.59
4502.54
4638.94
8348.59
5301.02
4657.13
4598.59
4885.39
4549.46
4971.35
4706.78
4994.72
5310.15
4720.39
8614.07
10314.1
10865
4646.2
4562.04
9801.42
10706.6
11913.9
11846.2
9346.42
5730.24
4968.79
5375.89
4995.87
4799
4535.28
4596.59
4520.68
4954.18
4661.09
5462.67
4492.96
4517.05
8969.33
13492.1
7597.48
6911.37
4496.98
4967.61
6298.57
4657.48
4693.9
5747.05
8255.87
4449.92
4935.42
4480.41
4511.87
4424.63
4631.26
4524.5
4502.61
4521.2
8127.07
8044.96
7568.29
10154.7
9875.35
4553.28
4529.72
4574.04
4514.11
4673.46
4533.35
4580.57
9437.85
8358.22
8373.22
7404.74
7561.83
10419.5
10506.6
9701.59
9682.98
4821.74
5352.26
4565.18
4496.92
4732.54
4739.9
4496.65
4506.72
5792.74
4815.09
4393.29
8384.94
8806.01
4979.72
4430.29
4576.57
4441.46
4564.27
4952.02
6267.26
4408.57
7395.55
7274.76
7317.94
7371.26
4391.24
4416.72
4395.92
4502.24
4354.81
4386.46
4502.98
4691.22
9586.66
9453.94
11453.1
4412.29
4484.35
4466.31
4436.65
4438.18
4428.44
4445.26
4995.4
4510.74
4866.13
6688.81
6761.09
10164.4
9287.35
8522.25
4469.16
5410.89
6011
4800.07
4476.54
4429.31
5190.68
6454.55
4779.33
7771.76
5539.11
8768.5
4414.54
4428.57
4382.28
4490.67
4408.02
4410.22
4430.13
4419.92
4412.33
3.148
3.945
2.445
3.444
3.63
1.76
1.889
4.945
2.167
2.445
2
2.463
3.481
4.222
3.093
3.055
3.352
3.148
8.019
