7.871
3.833
3.648
3.833
3.537
3.315
8.352
2.296
2.574
2.538
2.76
2.704
2.704
2.722
2.259
2.537
3.167
3.408
3.055
3.296
3.425
2.389
2.074
2.481
2.37
6.611
2.482
2.462
2.24
4.111
2.981
6.351
3.111
3
4.648
4.056
3.241
5.37
4.611
4.593
4.296
3.907
3.593
9.037
1.926
2.445
2.851
2.888
2.185
2.5
2.204
3.463
3.574
3.519
4.111
3.611
4.111
4.222
5.592
2.87
6.925
4.5
5.741
3.852
3.537
9.593
3.76
3
2.463
2.26
151.833
2.278
2.241
2.87
2.87
2.852
2.815
2.63
3.463
2.722
2.685
2.371
2.278
2.296
3.575
4.315
4.5
3.13
3.278
3.574
3.352
3.389
3.203
6.5
2.926
2.945
3.685
3.426
5.63
2.389
2.593
2.685
2.611
2.426
4.186
4.722
4.685
3.778
5.703
2.167
2.352
4671.83
4424.68
9449.25
10824.8
11448.4
4392.65
5240.18
4712.89
4354.54
4564.24
9711.14
10670.9
4591.46
4436.05
4401.54
4411.52
4974.18
4302.37
4394.76
4545.31
4607.46
4432.07
9866.37
5231.81
4490.48
4786.02
4836.29
4519.96
4404.42
4386.11
4691.78
4845.18
4448.61
4361.26
4544.92
7348.02
7365.72
4359.79
4377.52
4537.63
4652.13
9521.83
4475.5
4944.13
4402.85
4381.09
5145.74
7376.94
4329.78
4256.94
5910.05
9084.94
4478.02
4370.98
4353.9
4349.17
4390.2
4861.67
4414.29
4336.37
5004.7
4371.2
5483.77
5229.48
4332.79
4580.39
4472.18
4462.18
4977.46
5212.68
5677.42
4331.79
5793.33
5748.18
6028.46
10302.5
6878.09
4532.5
4515.61
4332.52
4506.28
4432.96
4388
4386.04
4698.07
4762.48
4378.61
4349.81
4490.33
4640.96
5527.87
4346.74
4799.5
9373.79
7461.15
7560.18
7215.2
4370.57
4342.02
5298.22
4359.91
4353.7
5117.05
4771.17
4449.04
4797.76
4675.92
4842.89
4711.87
4629.81
4346.04
5000.87
4554.46
4455.67
4226.04
4255.26
4246.54
4328.94
4301.72
4244.92
4702.76
4251.54
4222.79
4220.26
4507.27
4247.72
6675.63
4534.85
8932.57
7958.85
10012.8
9995.96
4201
4250.5
4227.85
4491.48
4354.54
5246.5
4202.57
4499.46
4365.7
4472.68
4859.35
8196.09
4279.42
4358.35
4410.5
4674.28
4791.92
4233.54
4293.65
4330.28
4677.4
5689.11
5312.55
5061.55
4420.94
4296.39
4197.65
4663.61
4350.72
4250.39
4237.05
7944.81
7147.27
6333.27
6354.79
7250.5
4550.18
4423.94
4511.54
4581.78
4490.07
4709.42
4606.57
4558.17
4482.79
9172.92
9105.38
7694.46
5957.57
4612.15
4567.85
4555.63
4777.68
4638.87
4554.85
4664.26
4501.87
4724.74
7587.18
7831.29
7413.05
8547.35
8692.4
8683.66
8693.14
4614.2
4566.11
4560.11
4617.7
5079.78
4677.26
12644
9030.77
9428.46
4612.24
4689.72
9770.61
9823.09
10597.6
10466.1
8704.01
7178.85
7168.55
9375.83
6948.81
7070.5
4935.67
4605.91
4570.87
5018.81
4663.85
4482.57
4655.92
4548.55
4548.26
4586.68
9865.75
8782.09
4446
5007.33
5535.92
4837.68
4471.16
4462.87
4460.89
4456.85
5862.66
4911.11
4495.76
4648.42
5325.13
4495.89
4462.42
4780.5
6774.33
7559.92
4736.09
5442.98
4693.94
4549
4644.66
6126.81
4500.33
4609.2
4546.07
4646.7
15035.4
11223.3
11806.2
7521.33
8184.18
4646.7
4447.11
4728.9
4543.04
4902.78
4688.79
4709.85
4499.87
4675.13
4810.91
8373.7
9592.13
11607.7
8988.03
4383.02
5023.26
4650.67
4514.98
4426.39
4714.24
4629.28
4424.68
4420.28
4492.98
8336.27
8332.92
8203.33
9318.92
8572.7
8120.66
8438.81
8130.05
7726.7
4368.07
4339.24
5010.18
4406.96
4587.85
4830.85
5216.54
9554.09
9510.75
9747.27
8653.07
4444.91
4441.22
4787.41
4452.57
4417.18
5161.44
4704.87
4746.04
5096.91
6597.98
4623.55
6723.22
6630.79
10549.8
14617.5
9852.07
5051.52
4644.67
5556.48
4458.92
5572.59
4757.92
4742.29
4401.91
4401.02
4393.11
8300.26
4400.72
4460.22
4414.5
4442.42
5038.2
4.463
3.685
2.129
2.296
4.278
4.037
3.481
4.388
3.37
3.611
3.667
4.796
2.87
2.611
2.463
7.629
2.351
3.852
2.407
