5.519
2.815
4
2.759
2.352
2.907
2.37
2.074
2.815
3.055
3.352
2.944
3.463
2.056
2.296
3.555
2.148
2.389
2.203
2.018
2.481
1.889
2.093
1.871
2.518
2.981
2.815
2.537
2.352
2.148
2.129
4.611
2.926
2.018
2.5
2.408
3.537
4.778
4.982
2.296
2.148
3.056
2.074
3.851
3.333
3.222
4
2.241
2.778
1.982
2.945
3.222
2.481
2.556
2.371
2.278
2.481
2.166
2.407
3.574
4.148
3.463
3.056
3.222
2.704
7
3.907
3.074
3.148
2.223
2.556
2.852
2.351
3.018
2.463
2.482
2.167
4.074
2.666
3.426
3.407
4.889
3.407
3.297
2.166
2.315
2.871
2.5
2.351
2.352
2.407
2.296
4.685
2.481
2.519
2.167
2.204
2.649
2.425
4.166
3.37
4.055
2.352
2.407
3.13
2.518
2.482
4.223
2.889
4.13
8.333
7383.81
8211.74
7335.79
10065.6
9439.79
6499.35
7256.09
4522.96
4481.98
5146.63
4586.57
4382.57
4732.92
8635.57
8375.74
11319.3
8675.29
7774.66
4354.61
4635.65
4448.42
4455.87
4975.57
5177.55
4844.26
5698.09
4542.03
4544.65
9714.2
14363.9
9900.16
8286.25
7103.2
6967.29
11165.3
11878.4
14516.5
4412.55
4481.22
4841.31
5486.31
4833.81
4618.33
4814.17
4480.07
4988.65
5274.37
5163.13
4378.5
10224.3
8405.87
9323.7
4672.76
5193.46
4356.46
4382.2
5061.48
4630.04
4525.29
4524.57
4459.98
4399.87
4351.63
4351.7
8533.03
4680.78
4395.09
4509.52
4669.29
4506.78
4452.33
4555.35
4372.55
9427.35
8831.07
8682.11
9182.27
8727.64
4867.89
5276.7
4816.65
4931.57
4423.18
4643.94
4731.79
6962.92
4405.68
6993.25
8022.77
7616.98
9437.85
6634.05
6924.38
6939.9
4481.5
4336.89
4318.48
4491.72
4435.59
4734.74
4970.63
4357.63
14833.8
8586.98
8168.07
8734.48
8538.57
8170.29
8441.01
11024
4668.05
4305.78
4328.42
4259.15
4281.94
4282.11
4276.79
4319.7
8679.03
8529.27
12625.8
8343.77
7546.2
7788.05
6919.46
8103.81
9651.11
8134.48
5544.66
5611
5257.61
4945.29
4842.48
4434.16
4236.22
4770.07
4244.55
4790.7
4101.15
10388.7
9251.38
10576.1
4727.02
4397.7
4283.2
5556.74
4574.35
4860.66
4300.94
4246.81
4295.42
4299.42
5317.18
4834.7
4611.83
4493.92
5170.48
4284.35
4258.42
4214.96
8347.83
7089.42
7095.48
9605.12
7121.59
6288.59
4293.07
4215.44
4406.46
4399.39
4922.72
4568.5
4501.5
4611.87
4577.79
4609.89
8508.09
7475.4
8044.24
7091.74
6851.42
9649.64
7884.07
7508.52
6890.79
6878.79
7030.63
7071.03
6724.92
7049.07
7107.52
7818.92
6717.2
11590
10656.2
8355.55
7507.37
4535.09
4924.27
4988.26
4671.65
5325.85
4677.07
10041.6
9884.5
4565
4538.9
4642.29
10118.3
11897.5
9972.24
12269.7
9668.16
11136.5
13876.9
10739
10328.1
6466
4638.85
4753
4603.63
4572.02
4531.83
4462.5
4794.98
4553.27
4738.09
7773.5
7928.77
7369.25
4419.52
5521.89
4912.2
5052.87
4404.39
6293.72
5218.83
4886.67
5423.74
4854.11
4724.05
4787.68
4746.79
11484.7
14451.8
11005.4
4647.31
4662.85
4551.55
4669.59
4614.13
4572.15
4585.24
5917.63
4725.13
4527.11
8572.4
8582.37
4595.89
4516.44
4586.52
4490.83
5504.52
10324.4
16057.9
9225.05
7675.2
4752.61
7096.05
4759.85
4536.07
4544.54
4659.16
4769.65
4921.42
4538.37
4623.52
4406.83
4738.85
4493.55
8279.35
8308.61
8884.16
8276.96
4534.11
4483.13
4474.83
4418.63
5110.44
4605.24
4458.05
4617.94
4801.59
10600.6
5991.53
4570.37
4669.79
4643.24
5932.5
4529.22
5087.11
4734.7
4776.48
10629.6
10467.9
10036.8
10411.5
4463.85
4441.22
5097.55
4549.89
5937.98
4568.11
4705.39
4704.76
4640.26
4643.24
8400.27
4594.7
5184.15
5152.42
4756.27
4610.87
4954.29
5119.55
4489.31
4675.35
4483.35
4443.39
4705.42
8338.29
7025.72
6639.76
6917.4
4471.52
4554.98
4449.92
4609.74
4871.74
4
9.37
3.815
3.592
3.704
3.296
5.796
8.556
2.667
2.833
3.222
3.167
3.592
2.723
3.815
3.296
2.871
2.703
2.352
