34.315
3.852
3.092
2.444
2.611
2.296
2.204
2.278
3.407
2.926
3.629
3.333
3.222
3.333
3.463
3.241
3.259
3.13
3.259
2.778
2.926
3.019
3.592
5.204
2.334
3.259
2.315
2.241
2.278
2
3.833
4.296
2.056
1.982
2.741
2.889
2.426
3.185
4.389
2.074
2.333
3.038
2.741
2.315
3.778
3.5
3.445
2.648
3.167
2.296
3.963
2.907
3.851
2.185
2.222
2.537
2.426
3.222
2.741
4.13
3.685
4.703
3.815
4.167
3.333
2.944
4
3.093
3.074
2.278
2.148
3.426
2.667
2.482
2.019
3.241
2.796
2.148
2.149
2.463
2.426
2.648
2.352
2.574
2.778
2.259
3.371
3.667
3.148
3.334
2.74
4.352
2.723
2.352
3.389
2.833
2.574
3.222
2.519
3.167
2.63
2.186
2.685
2.166
4.333
2.685
2.204
2.408
10.13
3.667
4.148
13642.1
13554.6
13000
15971.7
12955.8
20565.9
27285.9
23175.3
31247.4
26540.8
13320.8
14035.9
13464
14870.7
13148.1
15810.2
13290.6
13345.9
25876.7
33388.2
22145.8
13636.2
13215.6
13368.7
16999
13490.7
13669.6
13512.6
13277.8
14201.6
14339.2
14159.1
13768.4
29571.2
29509.7
26142.1
26433.9
13555.6
13446.9
15029.7
17239.3
13150.8
13114.4
13112.6
14633.9
13171.7
15065.7
14596.2
16641.1
24038.1
28451.5
31353.7
13149.2
13272.2
13190.3
15399.2
12949.3
13559.5
13305.7
13580.5
12958.4
13731.8
16277.5
14001.3
29668.7
16887
13236.3
14850
13414
14011.3
14820.5
14477.3
13933.3
16142.4
21502
21967.6
22226.4
21690.2
15254.5
13524.9
13456.6
13432
13535.5
14494.6
13239.1
13127.8
14880.7
13295.1
26247.3
24972.8
17385.3
13066.7
13659.5
13309.9
13403.6
13154.1
16743.9
24870.6
20251.2
20014.9
13763.4
13135.5
14657
15316.6
22720.9
40067.9
28293.2
20106.7
13686.4
14388.3
13561.7
13163
12988.3
13987.9
13164
12706.8
14386.9
13548
24387.5
19704.9
18954.8
21447.8
12973.9
13620.9
13200.9
14518.9
13121.2
14668.3
13319.1
16862.2
12753.3
13386.9
13672.6
14931.9
26731.4
24574.5
15347.7
16372
14167.4
12942.7
20917.9
15867.9
13481.9
12928.4
12910.2
18108.4
12873.2
14299.4
20233.8
20719.2
23376.4
13883.8
13598
14723.9
13738.5
13822.9
12853.1
13406.7
14005.5
14995.1
15305.3
15461.9
12634.8
13542.9
12953.7
12687.6
12899.5
18273.2
19880.1
15064.4
13552.2
13834.6
14682
13691.7
14827.5
13973.8
13982.5
13781.2
24119.6
29073
14385.1
14452.1
13517.4
13827.3
13714.9
20640.1
13736
13743.2
13470.7
13471.4
22558.4
14081.5
13451.6
14371.9
16888.2
13828.7
14529.6
13498.9
26981.3
28802
23108.4
13987.6
13748.2
15412.4
14536
14220.6
13558.5
13820.5
30186.7
28883.9
20732.3
21672.5
22502.6
23831.4
13704
14251.4
13451.3
14461.3
13902.3
13940.3
13997.2
14154
14138.8
14687
14934.4
13644.8
14534.9
14670.3
23539.3
23427.4
13538.4
14498.4
14147.8
13467.2
17514.3
14826.7
14377.2
14546.9
13854.3
15187.9
13866.1
13367
13718.2
14050.6
13887.3
24755.6
14313.2
13618.4
13622.7
14803.7
13584.3
13571
14272.7
13988.7
13718.3
14368.7
28031.8
32679.6
15024.5
15423.2
14203.2
13895.4
13867.6
32140.5
28731
23351.4
13791.6
13608.8
14899.2
15237.2
13955.5
13446.6
13408
16720.5
14430.7
19233.8
14120.6
17312.5
26525.3
22073.6
13731.8
13664.6
14019.7
13454.8
15037.1
13861.7
13740.6
13327.6
26505.2
28066.9
24604.1
23367.2
21054.1
26038.3
22606.3
16954
13347.2
13487.8
13497.3
13158.3
13688.5
13984.4
13663.8
23545.2
25197.1
25618.8
26632
14393.2
13221.2
14287
14947.8
16623
14647.6
15458.7
14109.1
15839
13644.7
21329.9
14641.9
14288.7
16603.5
13425.1
14426.6
14898.2
13755.8
16636
13159.2
14794.7
13083.7
14692.6
24887.9
22378.1
13011.9
14168
13884.8
13330.3
13510.2
14196.7
13398
9.852
2.723
3.351
2.982
7.426
3.833
2.871
3.019
2.37
2.352
2.666
3.203
2.5
3.482
2.167
2.241
4.649
2.704
3.259
