6.241
3.037
3.037
2.537
2.611
2.703
2.074
2.352
3.629
2.815
3.185
2.389
2.648
3.241
3.482
3.648
2.574
2.445
3.056
2.333
2.463
2.074
2
2.037
2.074
2.352
3.778
2.019
2.186
2.167
2.963
5.907
2.537
2.407
3.444
3.296
3.314
3.593
3
2.426
2.074
2.74
2.019
30.981
2.389
2.148
2.667
2.389
2.129
2.222
2.537
2.666
1.926
2.222
2.018
1.797
3.241
2.722
5.592
2.351
2.129
2.351
1.926
2.149
2.389
6.944
3.055
4.759
4.371
2.481
2.611
2.407
2.593
2.149
2.389
4.37
2.241
2.444
1.981
2.519
1.907
2.26
2.426
2.092
2.185
2.834
3.945
3.056
3.185
1.926
2.593
3.593
2.259
2.167
2.444
2.019
2.685
2.463
2.167
2.315
2.666
2.796
3.852
3.167
4.463
4.296
4.13
3.185
6.76
2.907
2
13854
13734.4
24427.6
28251.4
28578.9
13020.4
13374.2
15926.6
14653.5
16383.5
24804.6
25603.2
21621
27185.2
25384
24649
20436.4
13660
13518.4
13967.4
13722.2
17158.1
15496.2
15719
17373.4
15686.9
14020.3
14733.3
22255.4
25788.3
21477.4
15594.8
14075.2
14390
14342.4
13802.7
13317.3
13117.4
14086.1
13391.5
13091.5
13292.5
13046.4
13257.2
24040.2
23545.3
20932.9
22511.8
20421.1
13059.4
12885.2
13689.1
13371.8
13608.7
13291.8
14885.9
12900.7
13881.7
14851.4
13146.4
18794.6
14030.6
12950.6
13106.9
13181.1
13059.4
13366.7
14192.7
14362.5
13348.1
13636.8
13592.7
23787.1
15779.3
13885.4
14397
13330
13053.3
14211.1
12841.5
14542
14672.6
13388.8
13855.3
13645.9
13032.4
25010.7
21641.9
13640.7
16146.9
13798.6
13089.2
13184.8
14528.4
18656.6
25573.6
24474.1
14280.6
14260.4
15736.2
15892.7
12835.3
37082.4
29323.5
26618.4
22136.9
23003.5
13527.1
12954.3
13294.7
12854.4
13325.7
12675.6
12977.5
14325.6
12729.4
15492.2
13822.1
21423
18641.5
26463.9
21093
12951.6
12792.8
12670
12514.3
13156.2
13038.4
13347.6
12925.5
14040.7
19933.2
12802.3
12876
14000
12877.9
14159.9
15345.9
12649.4
12760
12907.9
13047.6
13079.3
12999.7
12873.1
14314.9
13489
20160.3
21535.6
23951.7
19608.6
12627.5
14675.9
13554.7
13138.2
12727.2
13159.3
12665
13307.5
12860.6
14465.6
12495.6
12787.4
13198.1
13904.5
13329.8
12907.1
12498
21228.6
21522.9
21538.8
14031.2
13333
13876.5
14216.9
14021.1
13500.9
13852.3
13697.9
16849.8
22548.1
25200.4
20438.9
20764.4
23495.1
23872.2
13798
13781.5
13492.8
14145.5
14902.2
15091.2
13362.4
27024.7
28146.2
20319.6
15664.6
14149.1
13673.9
13599
15005.5
15202
13940.7
26999.3
23344.6
23917.7
13591.5
13578.2
28948.3
27699.9
13956.6
13936.3
13522.8
14369.9
14210.8
13708.6
13886.3
13543
14218.6
13884.5
14060.1
14317.5
14999.3
14001.5
15863.4
13863.8
24478.3
23089.9
22612.5
22805.2
13192.8
14722.8
15318.6
13236.9
13483.3
16008.8
14822.6
13628.2
18715.9
13604.6
14028.3
13763.7
13551.6
13511.8
13361.8
15822
17265.2
16584.3
14187
14110.9
13750.3
13541.7
15100.2
14072
14153.8
14325.1
21518.3
23675.4
28534.7
33288.4
13799.9
13459.2
14180.9
13730.3
13751.8
13690.4
14507
13908.9
13542.2
13479.9
25889
20710.7
24829.6
14349.6
14844.6
15665.3
13728.2
13173.1
13544.6
13722.4
13628.4
13234.8
13859.4
13182.7
30708.1
31771.1
28598.9
13620.1
13154.5
18805.7
13414.6
13640.2
13003.8
13698.9
13523.8
13771.4
13276.3
22308
22428.2
25778.7
13911
14449.4
13844.3
13862.8
13481
14021.2
14351.9
13185.5
25172.5
20102.9
21933.3
20849.8
21931.3
13387
27385.3
16222.8
14362.5
13701.6
13883.9
18841.2
15332.1
16649.2
15616.1
21059.7
21111
21517.5
25759.3
22293.2
23986.9
14082.8
13165
13580.7
13005.8
18648
13743.1
14174.7
13830.3
13656.5
21744.5
3.463
7.814
3.093
3.018
3.019
2.926
3.518
2.723
2.426
1.778
1.945
2.611
23.296
2.185
2.945
2.537
2
3.426
3.203
