7.074
3.315
2.833
2
3.963
2.5
2.685
1.926
2.889
2.444
2.741
2.481
2.074
1.907
2.203
2.482
2.297
2.871
1.963
2.259
1.981
3.389
4
3.759
2.426
3.185
2.648
2.315
2.093
2.074
4.129
3.63
2.167
2.907
2.13
2.574
2.444
3.815
3.037
2.333
3.815
2.278
1.944
4.018
1.945
3.388
6.297
2.204
2.407
2.407
1.963
3.26
2.074
1.945
6.519
3.852
3.87
4.426
3.315
4.407
2.166
2.759
2.463
4.407
2.593
3.63
2.981
3.815
4.037
2.408
2.889
2.76
2.129
2.389
2.408
6.537
2.797
2.333
3.907
1.888
5.519
2.685
3.185
2.037
2.315
2.278
7.685
4.407
3.074
2.167
2.833
2.666
5.926
2.444
2.722
2.297
2.445
2.87
2.666
2.444
2.241
2.185
3.555
3.37
6.148
2.574
2.371
2.407
2.445
4.055
3.925
19848.7
20685.3
13069.8
13241.6
12994.6
13044.8
13334.2
25924.8
25638.9
23400.1
20445.6
21186.1
21994.7
31767.8
32027.2
21959.3
13815.7
14807.1
13101
14427.5
13822.4
14788.7
14781.9
13687.7
13137.2
13503.3
13573.2
13493.5
19682.2
19649.1
20297.3
15177.8
13500.9
14078
18139.7
14180.3
13817.1
13109.5
13783.4
14027.9
13083.4
13764.6
13622.6
13907.4
22603.9
23313.3
20272
21081.3
21882.2
13898.2
16672.2
14249.1
15498.6
17050.9
14454.1
13101.5
14245.1
13311.5
13229.8
13771.9
29618.9
14163.4
12780.9
13232.2
13803.8
12807.4
13029.8
13258.2
13307.2
13401.8
15011.9
21580.4
26570.8
13323.5
13176.4
13647.8
13383.3
13546.6
15487.5
13297.7
13403.5
16859.3
13409.6
14135.8
14096
13642.9
23416.9
22970.5
21772.6
22560.5
17824.8
13005.1
13895.2
13201.4
14002.3
12914.1
12960.4
25425.7
22857.3
25686.2
20683.9
12921.4
14961.4
15744.8
13458.1
13664.1
14891
25370.5
13161.7
13050.3
26588.5
24992.8
13448.8
12690.8
13352.5
12842.7
16409.1
12879.7
12857.5
25267.1
25654.4
21130.3
23954.5
14712.8
13694.8
15986.9
13127.6
13032.1
14522
15882.8
14264.5
16827.1
13132.2
14905.5
12730.1
13490
21249.9
21160.9
27265.4
13006.3
15572.1
13855
16629.3
14065.6
12747.7
17760.8
12982.5
13644.7
13676.1
12886.6
14121
21811.7
22623.9
22133.6
25166.6
24895.8
20378.4
14599.6
18516.1
19439.1
14313.7
21437.4
12631.7
15564.6
14978.2
13063.8
12737.2
13352.1
14477.3
17853.1
16010
20945.4
22775.5
22684
21683.3
21332.9
13593.1
13421.8
13909.2
13472.2
13903.9
13981.4
13905.3
14182.9
15330.8
14012.3
23698.9
21755
22279.8
22557
13507.6
15312.8
13324.6
16666.3
14602.6
16050.3
16671.9
15002.6
32131.8
31220.4
18398.8
15423.3
16035.2
13770.3
13911.3
13917.5
13544.4
14004.9
38769.9
21233.1
21154.5
21184.2
21073.4
17804.6
13475.1
13904.1
13276.3
14003.3
13648.4
14060.4
13619
13597.6
13733
13920
13489.7
13558.3
14524.2
13361.5
23958.8
21956.7
13317.7
14981.6
15639.4
13414.4
13835
15474.7
13313
13713.5
13673
14549.3
14128.7
14224.5
13611.1
15825.6
15531.9
23370.4
13748.6
15198
14522.1
14206.3
13682.1
13535.2
14264.8
15095.2
17945.3
16305.1
22318.6
22704.3
14712.6
13322.6
13369.5
14014.3
13737.5
27673.1
26975.3
26474.1
14472.8
13815.9
15031.4
15286.1
14811.3
13459.8
13848
14087.1
15104.3
15275
15429.3
22519.9
23529
22399.4
13181
14417.9
14134.3
13067.9
14192.6
13582.6
14856.7
13237.8
24938.1
32170.2
18136
14167.1
13483.6
14216.7
14225.7
12976
13825
12922
14141.3
16263.4
30859.3
31465.5
16614.3
15159.8
15461.5
13573.3
13718.8
14351.6
13640
14051
14091.7
15679.6
24264.1
21272.7
20995.2
22988.3
22553.9
15513.2
13663.8
17214.5
14288.7
14703.3
15680
14381.8
15441.2
13228.7
13654.4
13667.5
14206.5
28005.4
13591.8
13431.4
13591.5
13526.5
13226.7
14017
13561.5
16983.2
13245.5
5.87
5.722
2.259
2.981
2.574
1.981
2.981
2.111
2.667
2.537
3.648
2.555
3.556
3.852
3.963
2.037
4.167
3.037
2.241
