4.574
3.111
3.018
5.426
2.5
4.333
2.685
2.204
3.13
2.667
2.037
2.686
2.629
2.592
2.222
2.5
2.167
2.666
3.926
3.093
2.834
3.314
2.315
2.63
2.389
2.111
1.834
2.278
2.444
3.278
3.24
4.167
2.889
3.111
2
2.926
2.074
2.593
2.019
3.111
3.092
5.296
5.907
2.185
1.907
2.815
3.278
2.834
3.019
2.407
1.963
3.722
3.24
3.296
3.981
4.037
4.519
3.796
4.796
4.685
3.259
2.518
1.814
2.389
2.019
2.185
3
2.259
2.703
2.055
3.593
4.648
3.315
2.166
2.389
2.148
2.945
1.963
2.019
2.352
2.334
3.426
2.944
2.5
2.537
2.519
5.074
3.333
2.111
2.296
2.166
2.222
2.537
3.574
3.685
2.908
2.203
2.592
2.463
3.333
2.574
5
2.63
2.408
4.278
2.907
2.389
2.333
2.777
4.297
3.944
23046.1
27552.9
13148.3
14223.5
13236
13083.1
14913.2
26842.9
22476
24932.8
13371.2
13539.5
13276.1
14256.6
14909.2
14353.2
14908.7
13040.7
28109.8
25099.3
23724.9
13738.6
13338.7
14438.7
13344.7
16271.1
14517.1
14218.2
14528.7
14956.2
14187.7
14604.3
15156.2
25310.4
35326.3
26085.7
25317.9
13620.1
13650.8
13950.6
14531.6
13641
14220.8
14251.6
14745.4
13503.7
14465.7
14589.3
13784.4
24599.9
25360.9
23210.2
13579.8
12981.1
13076.7
13100.4
13488.8
14065.1
14569.2
13488
13974.6
13762.3
16265.8
16814.4
29930.5
12886
13375.9
15827
14695.4
14160.2
16739.8
13209.7
14082.2
21066.1
28067.4
29045.8
30489.6
20967.2
13643.7
12935
13794.9
13552.1
13986.8
13734
13031.3
13918.3
13308
14022
25885.6
34307.9
15155.4
13308.3
13247.3
13451.2
13045.3
17954.7
13587.5
23084.8
14128.5
13718.1
14664.9
12976.5
35955.6
22806
22723.6
20137.9
25642.5
17963.8
13045.3
15024.8
15404.1
12862.3
12772.8
12639.8
14332.5
12764.9
17332.7
12904.2
21130.2
19534.6
20036.6
20486.5
14130.7
14253.9
12487.2
12788.1
14661.7
12571.6
14378.1
13189.3
14872
15422.2
13094.6
13024.6
20848.8
27041.8
15528.8
13402.5
13461
13025.2
16220.4
14329.9
15201
13378.5
12833.5
17753.9
14240.5
13148.2
26682.9
26031.6
25423.8
13320.7
13356.3
15606.8
13586.1
15418.7
12717
16062.2
12680
12668.4
13757.7
15567.5
13222.8
13638.7
13261.7
12690.8
12750.9
13417.8
22050.8
19463.4
13269.8
15019.3
14173.3
15123.7
14147.5
13795.2
13441.7
13739.2
18152.4
23472.6
15590.1
14233.8
13707.8
13956.6
14010
13739.1
13586.2
13805.1
13347.1
13899.5
22602.4
24443.3
22350
30429.4
29049.5
20214
14314.8
15448.5
13540.9
13566.2
15188.8
16223.2
13676.2
25518.3
22685.3
23548.8
13608.5
16872.4
27445.8
25826.7
14541.4
14123.6
13315.8
14495.2
13993.3
13856.7
13920.4
13578.3
16526.8
13910.2
14446.3
13619.6
13822.7
14619.5
13609
13538
25344.1
22577.9
14630.1
14519.1
13391.6
14262.5
13730.6
14245.4
13564.4
13366.3
13367.7
13365.1
13396.1
14391.1
14316.9
14309.7
15476.3
22227.1
18729.7
16934.2
14243.5
14235.2
14777.3
15649.1
14188.9
14815.6
15877.7
21921.9
31525.9
35670.6
18877.9
14086.9
13664.5
13523.6
13954.6
14000
13494.6
35983.8
36641.5
27160.5
14586.5
14074.4
14969
14158.9
14513.5
13744.8
13855
14055.4
15417.3
16383.3
17282.8
14406.3
25127.2
25516.8
13921.4
13274.6
13689
13768.2
15381.8
19515
16770.7
13334.3
27054.9
23598
21989.8
17719.1
14438.9
13483.4
14801.8
16489.5
13178.3
13099.8
14605.7
15302.9
30209.5
31318.1
27822.6
13799.4
13726
14291.4
14358.8
13491.6
13290.4
13650.2
14056.8
16486.2
19154.2
21914.4
21463.7
26449.4
25949.4
24451.1
13741.2
15962
14037.5
16647
15081.5
14792.5
14665
15146.9
13233.6
13960.7
14079.4
30850.7
15552.8
13401.9
13746.7
13473.9
14436.9
13735.3
13440.8
14250.2
13635.3
2.703
3.389
2.685
3.667
3.092
2.834
4.37
3
2.148
4.259
2.074
2.703
2.278
2.018
2.203
2.407
2.63
2.093
5.666
