32.185
4.444
2.481
2.685
2.907
7.463
1.945
2.667
3.241
2.926
3.389
3.167
2.982
2.611
2.63
3.797
2.296
2.277
2.166
2.056
2.315
2.426
2.019
2.815
2.759
3.352
2.704
3.278
2.185
2.111
2.778
3.148
2.204
2.445
5.371
3.925
2.203
2.518
2.296
2.092
4.092
3.945
3.87
6.834
2.593
2.593
2.222
2.481
2.444
2.407
2.722
6.092
9.944
3.648
5.296
3.74
4.296
3.13
4.24
3.815
2.371
1.908
2.055
2.815
2.074
4.63
4.019
4.204
4.389
2.074
2.111
2.574
2.63
2.574
2.778
2.63
2.889
4.944
2.463
2.055
2.111
3.389
2.204
2.407
3.186
2.037
3.389
4.13
3.76
2.13
2.24
6.26
2.925
2.815
30.907
2.352
3.111
2.426
2.74
2.87
2.13
2.259
3.574
3.278
3.703
2.055
2.426
2.815
2.259
4.333
3.778
21915.3
21894.8
13015.4
14965.9
16775.6
12938
13386.7
25390.5
28038.6
22866
13536.4
16157.5
13060.2
15823.4
15111.3
16098
14571.5
13399.7
21498.9
24881.8
24130
21883.9
23792.5
14249.3
14885.8
16515.1
13835.4
15446.1
14414.4
13161.9
14789.5
15229.8
15983.3
19317.8
28404.6
25902.5
24281.1
13357.4
13629
14137.6
17063.9
14674
13981.4
16079.3
14296.8
13527
14401.5
16318.7
17687.2
19321.7
19828.6
21941.9
13410.8
13261.3
13740.6
13455.4
14099.1
13351.2
13600.1
13306
14456.4
14143.7
12870.6
21976.8
22625.3
12808.5
13462.5
14644.7
14152.1
13000.7
17838.9
14373.1
15239.4
28791.2
24847.9
26586
19673.2
14929.3
14248
12872.5
14249
15826.6
14376.1
14342.8
13816.5
13220.6
15398.3
13136.6
24791.5
23273.1
20488.6
13174.2
13024.7
14402.7
12916.3
12897
13282
13472.8
24863.5
22104.2
25311.7
12968.5
12828.7
13578.1
13584.9
13241.3
14808.2
16580.2
12777.8
12677.2
27932.8
26899.8
12732.6
12640
12618.1
12633.9
16142.4
13530.9
13093.4
21405.5
22771.2
22292.1
19030.4
13608.9
12736.9
14440.3
13203.2
13000.3
12970.1
13773.6
13846
12636.2
13649.2
12782.8
13597.4
13334.8
25379.7
23451.7
21798.5
13425.9
15725.8
13825.3
13979.4
13558.1
12717.8
15757.4
13613.5
13037.6
13688.3
17637.9
15546.6
23354.8
26078.9
23783.3
23511.4
23495
13892.4
14195.9
15630.2
15091
16233.9
16655.6
12562.4
14249.9
12581.6
12943.8
12632.4
12789.2
14507.2
13300.1
20348
23560.5
20546.2
22539.1
22009.9
20971.8
21409.2
13403.5
14187.4
13435
13556
16891.8
13554.9
13993.3
13638.7
14610.5
13525.8
22892.7
13616.9
18662.2
13494.4
14774
13616.2
14838.3
15797.9
13515.4
14141.7
28018.7
24409.8
23540.3
18021.5
13829.3
15093.3
15008.6
13639
13693
13427.6
13896.9
23771.4
29845
24299.7
32575.8
19479.8
14685.6
13321.9
13370
13782.9
13647.9
13979.9
13792.9
14033.9
15958.2
13966
14549.8
14690.7
13533.4
14525
22460.7
27177.1
27622.6
13609.1
13801.5
13939.3
13709.4
13273.7
16529.3
13402.9
14662.5
14037
14774.1
13902.4
14774.6
13362.3
24088.4
23411.6
28445.1
14231.4
13715.3
14983.2
15801.1
14529
14773.2
15225.9
14431.9
14333
13969.4
22426.8
24042.1
15124.3
16320.6
14168.6
14771
13864.7
28891.1
23602.7
23051.4
23510.7
13862.2
14413.1
16864.1
13785.5
13382.5
16392.7
15054.9
14719.6
15043.6
15046.8
13433.3
13911.3
13198.5
25676.2
25209.2
21477.6
14197.7
13142.9
13154.7
18171.6
13206.2
13089.4
13832.8
13996.2
15266.6
22505.1
26647.4
20044.7
16660.4
13370
12973.9
14103.3
13573.9
13957
13421.5
13535.5
21713.1
24741.2
23434.8
22710.1
13349.4
13632.8
16289.4
16750.4
14235.7
13608.1
14115.4
13971.2
19043.2
17452.6
22137.8
13591.4
15137.4
18640.2
14866
18265.6
14247.4
14926.4
14650.9
13594.2
16877.4
16239.3
13462
22011.5
22218
12947.5
13912.4
13909.5
13577.5
14022.1
13081.4
13032.1
5.722
2.907
2.556
3.352
3.092
2.685
2.704
3.204
3.019
3.093
2.908
3.834
3.426
6.222
3.611
2.297
2.408
2
2.518
