6.926
3.296
3.092
3.037
2.796
3.407
2.537
2.074
2.704
2
2.167
3.333
3.112
2.13
2.093
6.574
3.611
2.148
2.018
2.074
2.092
2.074
2.408
6.204
2.148
2.426
2.482
2.612
2.333
2.63
3.778
5.556
2.148
2.648
2.167
9.111
2.185
4.112
2.796
4.13
4.148
1.963
2.223
3.055
2.278
2.574
3.203
3.333
5.296
2.982
2.482
8.111
3.463
2.87
2.129
2.704
2.296
2.759
2.889
3.352
4.907
4.389
4.075
4.611
2.37
2.482
2.37
3.76
2.074
2.259
2.222
2.592
2.111
2.704
2.037
3.038
1.926
3.223
2.296
3.648
3.277
4.111
4.278
2.722
3.056
2.74
3.352
2.777
2.666
2.185
2.333
2.648
2.111
2.5
2.463
2.408
3.389
2.389
1.815
2.407
2.648
3.815
3.648
3.019
4.629
3.592
3.629
2.722
3.334
2.352
2.722
42940.8
43567.5
22412.8
22845
21551.1
22415.2
24579
22514
44051.7
49803.3
22197.7
23853.8
21716.2
23129
24270.1
23789.3
23673.7
25802.6
43713.9
48128.2
50347.5
29230.9
22775.9
22256.7
22145.5
23182.3
24195.2
22006.7
24972.5
21760.9
21955.4
22304.3
23734.1
42027.4
39269
29303
22295.6
21946.4
23928.3
23325.1
26317.8
24308.3
22489.1
25716.7
22069.1
22376.9
23036
22981.3
21989.9
32313.2
29503.5
21805.6
22675.5
22578.2
22516.7
25681.7
21749.9
21646.3
23474.6
22604.8
23278.5
33236.3
36228.6
37706.2
21530.3
21590.3
23925.5
23537.3
26562.3
21664.6
28959.8
22795.9
23691.3
40509.1
44322
35835.5
34090.5
27240.6
22439.4
22509.5
22520.4
22785
26236.9
23429.1
22635.8
25235.1
23663.3
21749.7
39061.3
46532.9
38708.3
21974.4
21983.8
22807.7
22573.6
22306.2
22704.2
22011.6
35627.5
36364.1
33763.7
21455.5
23078.6
22859.3
23956.8
23844.1
38273
42755.6
33072.3
21765.9
22346.4
23047.1
21960.6
21026.6
21311.4
22483.1
22359.1
21781.9
22421.3
34499.2
35474.6
37469.4
28526.1
22610.3
21679
22763.8
21116.3
24588.5
21997.8
20736.5
21410
26703.6
20473
21142.2
25793.9
41142.6
37745.1
28463.5
20704.5
21373.3
25022
25852.6
25174.7
21701.5
21810.5
23958.8
22622.5
25129
21501.2
25045.1
34911.4
27497.5
22327.6
23972.9
21583.8
23268.3
21067.4
20998
20885
20671.6
22082.9
22010.4
22142.3
27831
25137.3
21555.5
21288.1
21514.2
22375.9
33222.7
22401.3
23887.2
24352
22589.9
23211.5
23326.5
23023.5
22660.5
23255.6
22986
35128.1
23226.4
24458.5
22876
27775.9
22787.8
22735.8
22637.3
22859.8
23404.6
38195.4
38536.8
34257.6
22399.6
22494.6
22747.2
24502.3
23925.1
23508.8
23045.5
23222.9
22927
23597.6
49255
41269.9
23647.2
23429.2
23671.8
51902.9
48089.4
26184.7
22351.1
21266.1
23397.4
22321.2
22159.6
22134
22501.7
22732.9
24176.5
23940.2
28296.2
24038.7
23355.9
24632.7
23540.5
38883.6
40115.3
37136.7
22938
23343
25421.6
22474.1
24523.9
24513.6
22853.9
22950.5
27173.9
22162.9
22066.3
24341.8
22723.7
23151.7
39220.4
41833.6
32922.3
23569.2
23492
24418.1
25191.2
24020
23190.3
23319.4
25435.7
22715.9
28408.3
40441.4
31844.2
22685.1
23420
23948.6
22582.6
26483.4
45650.5
35727
36883.3
32791.8
23023.7
28741
23838.1
22391.8
22318.9
22985
22500.7
26643.4
23028.7
26249.8
22134.6
23066.6
29363.1
21981.5
23611.8
23274.2
22276.2
24397.6
24821
22093
22326.3
22322.4
30990.3
48148.2
37561.5
22270.5
23266.3
21810.8
21577.9
22902.6
23161.9
22365.5
22111.3
47282.4
35241.3
34708.2
22843.2
24474.7
23875.6
23292
23079.7
23095.3
23086.5
23729.5
23158.9
22043.9
37729.5
39386.6
35887.4
23690.4
23389.8
24935.1
24020.1
23240.7
22768.9
22937
23766.4
26766.4
23614.3
26748.8
38028.4
38155.5
30642
22453.9
22241.5
22248.4
22380
22240.7
22412.3
21914.8
24096.9
23329.1
3.185
3.666
2.222
2.389
2.13
2.111
1.834
4.685
1.907
2.278
2.166
2.333
3.741
4.186
4.722
3.334
1.945
5.982
4.278
