5.037
2.111
2.592
2.426
2.166
2.445
2.222
2.167
2.815
3.185
2.537
3.612
2.815
2.555
2.518
3.593
2.241
1.815
2.481
2.241
3.314
3.185
3.555
5.407
2.407
2.593
2.407
2.222
2.389
2.611
4.982
3.833
3.389
3.185
4.055
4.167
3.648
3.277
2.26
2.056
2.537
3.648
3.278
4.13
2.574
4.111
2.019
2.574
3.019
2.852
2.462
3.481
2.908
2.259
2.926
3.962
4.389
3.981
3.074
3.055
2.704
2.055
1.796
2.556
2.296
11.981
4.204
7.111
4.148
2.278
2.611
2.352
2.426
2.056
2.574
5.648
2.408
3.24
1.908
2.593
2.556
2.315
2.963
2.833
3.593
3.056
4.241
3.723
3.426
2.333
2.278
2.648
2.222
2.834
2.204
2.389
2.889
2.556
2.63
2.297
2.241
2.26
3.408
3.611
4.129
2.889
1.611
2.537
4.704
2.982
2.518
22395.8
22483.6
46015.9
23084.9
25000.7
21952.7
22642.7
21897.5
46753.8
42583.3
21589.4
23587.6
22809.9
23324.2
23507.3
25346.6
22042.7
22472.6
37845.8
42516.9
40780.5
22599.2
21871.2
22258.2
22482.7
22518
22891.6
23064.1
22304.9
22277
24197.6
24146.1
22203.1
39540.6
40788.9
34704.9
33683.8
22705.4
23871.2
23838.2
22022
25031.6
22684.5
22236.8
22126.4
22045.1
25098.9
22394.4
28333.2
22678.9
34674.5
36001.3
32681.2
21946.5
21678.5
23057.1
22613.2
22288.3
21612.2
21883.6
22704.8
23043
23468.3
22625.7
42270.1
21627.3
22433.7
21987.8
21944.6
21806.6
27249
22218.9
21864.7
22148.8
21586.7
36932.5
44290.8
31976.1
22682.1
21665.3
21768.1
22486.8
22122
23917.9
22443.8
21904.8
22524.6
21826.7
53703.2
52267.7
23379
21930.9
22646.6
22336.4
22534.6
22140.1
30031.5
22219.7
33899.9
32726.5
26776.7
21257.3
23257.7
23394
29344.7
39394.2
40500.9
35311.2
21847.7
21407.9
21930.5
22671.8
21136.9
21188
22522
21246.7
21121.2
21098.6
20754.6
40806.6
36844.6
34123.9
21930.6
22352
25314
21845.7
23963.2
28594.5
21399.5
22253.4
24308.9
21396.6
20812.1
20975.7
38911.2
45107.4
27657.6
26666.8
20218.9
21043.9
24526.7
23614.6
21832.4
24594.4
21786.3
24231.4
21279.6
27200.3
22006.5
29655.2
33485.3
21538.1
21145.6
21656.7
22315.2
29202.5
26508.2
21136.5
21974.1
22340
21783.6
21734
26867
22550.3
20985.6
20834
20754.4
20768.9
24672.7
33168.4
22234.3
23660.4
22158.1
23259.1
22688.9
23039.5
22311.8
22282.7
22733.9
26508.3
40460.5
23238.6
24145.7
24136
26809.6
23822
22539.8
22979.1
25911
23561.3
34448.5
39181.2
32957.8
22229.4
27224.3
23298.9
25357.2
23783.3
24481
24735
23837.7
23527.2
22919.1
52107
31639.7
23081.3
23439.3
23148.1
56529.1
45314
32142.1
22903.2
23263.7
23894
23272.9
22940.7
24000.2
25003
24876.7
23721.1
22696.3
22714.5
23232.8
22972.9
23026.7
25416.8
34523.2
34840.9
29308.3
23744.4
23021.3
22254.5
23250.4
27391.6
24005.7
23933.5
22608.8
22808.8
23474.8
24174.6
23448.6
22811
22709
36427.5
35720.5
26388.9
24655.8
24965.6
24306.9
24889.6
24869
22551.2
23904.6
23197.2
25217.5
36968.1
34187.7
23304.5
23376.2
25721.4
24179
23167.2
23030.7
42381.5
36782.4
38655.8
26492
22884
24694.2
26243.9
23141.8
25534
28562.7
23668.6
24830
23574.3
26724.8
23269.9
25254.9
38243.5
23709.4
21799.1
23952.2
22184.8
25882.8
23866.2
23367.1
22814.1
22485.4
44021.8
42038
26822.9
21683.2
23566.3
22756.8
21795.4
22527.2
22948.2
23409.9
24608
50305.4
42796.9
36914.3
23743.3
22614.7
23114.3
23326.2
22805.9
21903.5
24982.9
24159.6
22696.5
23204.3
34006.5
33015.1
27533
22394.4
22426.4
24651.3
24192.3
24086.2
22593.3
22273.4
23873.6
24015.4
23145.6
39384.2
43363.5
28863.9
26169.9
23864.9
22130.6
22077.1
23208.4
22659.2
22238.9
23734.4
23720.2
37683.7
3.259
3.741
2.37
2.351
2.685
2
2.334
2.963
2.204
3.26
2.852
2.352
4.056
7.834
2.611
2.537
2.185
2.203
2.444
