29.203
3.593
2.463
2.815
2.741
2.389
1.944
2.704
2.945
3.111
53.703
3.278
2.277
2.352
3.018
2.74
2.444
2.629
2.37
2.148
2.074
3.592
2.871
3.592
3.426
3.389
2.556
2.407
2.463
2.611
2.148
2.407
3.685
4.352
15.981
3.815
2.463
3.186
3.185
2.37
2.092
3.593
4.778
4.055
2.185
2.167
2.389
5.5
2.686
2.371
2.297
4.056
1.944
2.203
4.166
3.407
5.963
4
4.944
2.037
2.852
2.926
2.592
2.611
2.722
5.648
4.111
4.055
3.722
2.463
2.815
3.76
2.759
2.223
2.333
2.259
2.852
4.037
3.203
2.574
2.537
2.704
4.333
3.037
3.593
3.574
5.019
3.629
3.463
3.518
3.852
4.019
3.241
4.185
4.111
3.148
2.945
3.963
3.408
2.556
2.574
2.241
2.277
2.111
8.852
4.444
4.148
4.482
4.686
2.833
4.963
22127
22484.9
46581.5
50505.9
48183
21632
25568.2
22082.1
21791.6
24857.9
41781.1
43078.4
22176.6
23641.6
22760.5
25281.2
24787.9
24990.6
22475.9
22472.8
25713.1
27731.6
43615.7
22584.7
25053.6
23369.4
24798.9
23359.9
22131.8
22313.2
22747.4
25440
24343
23979.9
23058.8
38575.1
37540.3
22056.8
24483.6
22940.6
23743.7
23517.5
24225.7
30821.3
22335.1
26889.5
23045.8
22976.8
23047.8
23490.5
36878.2
37861.2
30470.1
22262.7
21296.6
23670.7
23354.8
22579.3
21784.7
22085.1
23806.7
21322.3
22633.6
21869
37237.1
30420.8
22655.8
23177
22054.7
21706
21749
22539.9
23881.3
22719.3
33827.8
37115.7
38885
25034.4
22695.3
22880.1
22965.3
23405.9
22467.6
22933.8
21674.3
22155.5
23136.8
22248.7
53942.8
47802.4
22216.6
22138.3
25065.3
22702.8
23117.9
22636.1
21454.7
22264.3
37822
36442.4
33767.2
32359
55427.8
44377.7
33665.1
34356
22491.9
21557.5
22090
21499.8
21233.8
21510.5
21623.4
21096
24319
23125.9
22939.4
22011.4
21420.9
31090.9
37918.1
28932.4
26157.3
21307.9
21476.1
22215.2
20888.2
22629.3
22015.5
24710.4
21860.6
21303.3
21717.5
20734
37037.6
38139.5
24524.2
22697.9
21372.9
22298
26051.7
21342.6
21194.1
21296.9
22097.5
21822
21461.3
21783.3
22121.8
36798.8
33213.6
22190.7
24294.7
21655.1
23654
22072.1
28459.8
27477.8
26073.6
21991.2
21024.1
20860.1
24242.7
23787.8
28075.4
27454.2
22235.9
21023.4
24177.5
32839.6
22767.1
23961.3
24087.5
23361
33671.2
27562.5
22422.7
22816.8
24576.9
31987.3
39416.9
25522.4
24138.9
23564.5
22961.7
31172
23915.9
22786.5
22302.4
22644.1
34429.1
33325.7
22675.3
23304.8
23096.5
23435.6
23114.1
22723.5
26224.1
41746.4
44769.8
25475
23219.1
23368.5
23480.8
22910.6
23528.3
23613.4
50014.5
47483.9
26555.1
24510
21600.9
25404.3
23840.1
24476.8
24155.7
24216.3
24615.3
24502.3
24555.1
24422.5
24045.6
24600.7
24631.7
29808.7
24632.3
22536.1
24129.9
24787.1
22346.3
24752.2
23749.1
24659.1
23313.2
23381.3
23321.1
23108.8
25735.5
23011.9
25528
22898.4
26419.8
43222.6
37368.6
24457.4
23184.2
26458
23918.6
24547.3
24053.2
22879.3
23839.1
22927.3
27927
43301.3
36062
23255.6
22686.6
22599.2
22606.6
22642.5
24764.2
45765.7
54173.3
33805.6
22850.3
23332.9
24632.8
24135.5
23523.9
22309.5
30025.9
22770.8
24827.2
22824
23876
23351.9
34437
39943.6
22401.4
21816
25556
22568.9
23228
22620.6
22413.2
21841.4
29389.8
39163.2
37089.7
23941.8
21809.8
21913.2
21837
24615
22148.8
22889.3
21976.4
22326
46930.8
47986.9
34896.6
22535.8
22515.5
23156
22511.6
22844.9
22788.3
26225.9
24576.7
22488.5
24619.7
34551.6
34933
25448.3
22822.9
23517.5
24861.4
24651.1
24067.8
26817.6
25428.9
23816.7
23741.9
22506.5
40979.4
38963.4
40486.5
38234.6
31605.1
22567.9
21887.4
22787.4
21973
21771
21712.3
22239
22391.8
2.778
2.314
3.352
3.315
3.185
3.314
4.908
2.074
1.907
3.518
2.371
3.26
2.926
2.333
3.259
2.297
3.796
3.241
2.574
