5.092
2.667
8.185
2.37
2.222
3.018
2.592
2.815
3.352
3.259
3.629
1.703
2.296
2.37
2.537
4.686
2.13
2.778
2.13
2.334
2.148
3.722
2.944
3.445
2.315
2.463
2.334
2.537
2.259
4.241
3.26
3
3.259
2.926
4.241
4.685
2.5
2.315
2.648
2.371
2.685
3.056
4.093
4.019
2.222
2.629
2.574
2.463
2.686
2.426
6.407
2.649
1.778
3.667
4.333
4.444
4.092
3.667
4.815
3.667
4.685
3.555
3.963
3.5
3.333
3.074
3.555
5.148
3.537
2.981
3.334
3.13
4.037
3.963
2.185
2.277
2.444
5.26
2.5
2.648
3.092
2.408
2.575
3.574
2.074
1.926
2.574
4.814
7.871
2.555
2.445
2.556
2.37
2.889
4.167
3.13
3
3.407
3.092
4.26
3.907
4.148
2.982
3.166
5.093
5.185
5.185
5.055
5.722
2.278
2.351
22914.6
23780.6
46841
23024.3
21569.9
22187.7
22441.7
24489.5
51228.4
31921.5
21988.8
26077.6
22368.3
23410.1
25309.8
22350
23156.2
23586.2
51700.5
51887.4
24906.8
22290
22008.4
23008.6
22165.6
22302.6
23373.2
22252.1
22233.6
22208
22925.3
23128.5
23377.2
34981
37075
34700.3
34129.4
22092.3
23445.5
23413.5
26077.3
24921
22226.5
29863.8
22978.8
23642.6
24077.4
23274.5
24292.8
29809.6
42377.7
37972.8
22402.2
23823.2
22189.5
22459.1
21753.3
22347.6
22360.8
21609.9
25369.6
23086.5
21190
22462.6
36813.5
25402.9
22428.8
28531
21002.6
22028
24484.7
23694.5
23955.8
22164.7
29850.8
38657.9
36972.5
23206.7
22354.7
21396.2
22718.7
22184.9
22770.2
22936.3
22989.5
21871.7
24089.4
25787.8
48433.5
41721.9
22134.2
22241
21913.1
22549.5
23051.8
23133.1
21732.2
22141.1
38098.4
34968.5
22235
21446.6
22345.5
25525.7
27580.2
49513.4
44250
23779.9
22297.5
22166
22353.7
23238.7
22209.3
21418.1
27607.7
22522.4
21881.2
21129.6
21368.4
39755.8
45611.8
24887.7
21042.3
22603.8
22277.7
23492.7
21215.4
23135.1
23306.8
24931.2
24585.5
21972.4
21031.5
21276.6
33432.3
33849.7
23849.3
20142.3
20219.1
21359.2
21155.4
22127.5
21243.1
21347.5
22838.2
23920.6
23661
23123.7
23777.3
35759.9
37748.8
21104.6
21440
21031.2
21188.2
21087.3
21276.5
20987.7
24267.3
22018.6
21470
21527.5
23663.8
22404.9
24587.7
22171.8
21422.8
20919
30622.3
35409.8
22662.8
23634.4
23653.5
24349.5
23703.1
25855.7
22551.6
22394.5
23176.7
42163.9
33242
23356.7
23993.7
23173.7
23277.8
24873.4
23469.6
22987
22937
25347.7
37081.1
34368.3
23244
23867
23277
23593.4
23589
23567
34881.7
57502.9
33183.6
23566
23830.4
23524
25275.3
23440.1
22716.1
22832.2
51400.8
37086
24454.5
23020.8
22426.9
24266.4
22766.6
22383.7
22532.9
23218.6
22635
23415.4
24690.9
26428
24797.8
22833.1
26387
26290.3
33810.3
35919
23839.3
22316.8
21886.1
25345.7
24361.8
24487.1
24741.7
24103.4
26319.6
22775.4
22494.3
23675.9
22113.8
21822.9
22103.9
39505.3
33234
25747.8
24011.6
25399.7
23632.6
24015.6
24137.8
23261.8
23282.7
25002.8
32533
44568.2
39171
22871.1
23473.9
22734.8
23901.6
22104.4
27867.2
44236.1
44232.2
39564
23139.4
22452.3
24208.4
22790.3
23008.1
22164.3
22907.7
23608.6
24763.8
24957.5
25054.8
23668.1
29213.3
35030.2
24219.1
23088.9
25018
21694.3
22853.6
25783.3
23245.5
22667.7
31057.1
50305.9
38961.9
21644.6
22117.5
22035.1
22231.6
22958.6
21663.3
22689.4
22889.2
22705.2
48517.3
41937.5
36117.8
22641
26173.3
23385.7
23089.6
22189.3
21916.1
21824.9
24883
23549
22492.7
36806
39019.8
26085.7
23744.5
23080.4
22726.1
23398.3
23875.8
22614.3
26704.2
24492.3
23342.7
22924.8
38626.6
37208.9
27723.8
22236.2
23616.8
21961.4
21654.1
22293
22707.7
22368.2
23107.8
22316.5
35869.4
3.037
53.5
2.148
6.796
5
2.334
2.407
2.63
2.518
4.648
2.315
3.352
10.852
4.555
3.259
3.371
2.611
2.685
2.463
