4.407
2.223
2.796
7.445
2.778
3.056
3.315
2.093
3.852
3.018
3.074
2.815
1.777
3.574
1.87
2.852
2.333
2.074
2.166
2.111
2.426
3.333
3.37
3.111
2.74
3.63
2.129
2.463
6.908
2.167
2.463
3.963
3.592
4.389
4.259
4.315
1.982
3.963
2.37
2.703
2.408
7.204
4.926
3.704
2.037
4.278
2.315
2.722
2.611
2.129
2.852
6.111
3.389
3.704
2.574
1.834
2.481
5.148
2.056
3.074
4
7.87
7.26
3.463
3.555
4.093
7.741
2.796
3.241
2.759
2.296
2.074
2.186
2.166
2.611
2.778
2.463
2.481
4.555
2.037
2.166
2.371
2.852
4.166
3.407
3.111
4.092
3.334
2.704
2.018
1.76
2.075
4.723
2.629
2.129
2.185
2.371
2.278
2.37
3.185
2.204
2.204
3.518
2.981
3.463
2.926
2.129
2.796
2.389
4.055
4.056
22104
23354
21965.6
23132.6
25088.7
26282.1
43727.4
24206.8
23663.2
23168
22091.8
22773.1
40999.3
23239.9
24039
22773.2
23072.1
26686.1
21430.1
21617.5
22247.8
23590.5
22256.8
22479.3
22386.3
43028.5
39701.5
27750
22045.9
22374.7
22605.7
24105.6
23738.7
23901
23419.2
22438.4
22390.6
21957.5
22489.8
39117.5
39580.4
23964.3
22360.8
23331.3
22611.6
22888.6
22827.1
23104.8
24434.6
21557
22463
23995.2
21425.8
21424.3
21848.7
21847.6
32753
33713.1
21794.8
23147.6
22951.9
21354.8
21382.8
23447.7
23168.6
21191.1
21881.2
22119.5
21230.2
54325.9
35354.6
22258.4
22329.5
24578.6
22015.1
23024
23362.5
22532
22132.5
22689.5
21514.3
22260.7
22546.3
34612
37606.4
39509.8
23368
22294.9
21932.8
21591.4
22600
22326.4
22612.8
35766.6
34375.8
39227.3
34341.7
21627.9
22980.8
27006.3
22360.3
23543.9
55112.4
33592
21541.4
21846.8
21856.7
21520.8
21887.6
21598.3
22183.6
22160.2
23241.8
21072.2
21535.8
21607.2
23550.3
24512.5
32147.6
37710.4
36092.4
26978.1
26511.2
21533.9
20859.1
22306.9
20794.9
20760
23175.4
21653.4
20640.3
20589.6
20651.6
20653.4
31817.1
33742.9
25870.3
26917.3
21646.8
23260.6
23690.6
26553.8
24978.7
23055.2
24641.7
22966.9
22312.8
22740.5
26950.2
36522.2
39056
22179.4
22535
22930.9
21725.8
22065.1
22166.7
22321.3
22820.7
23760.3
21650.8
21546.2
20872.4
22621.5
22977
21290.1
21519.6
21143.4
33448.6
35314.3
22433.9
23870.3
22647.3
22875.5
22521.8
23340.8
23668.7
22561.8
23119.2
44324.1
33201.3
24018.4
23550.4
22557.9
24186.6
24695.5
22929.3
22690.9
24265.4
23787.3
38067.6
34347.9
22275
23973.6
24867.7
24736.5
28346.2
25493.7
42643.9
43386.7
33909.7
24669.1
23182.2
23603.7
24891.9
23182.4
22995.6
27223.3
43869.8
37476.6
23805.6
24098.3
22219.3
24176.3
22835.9
23651.5
23217.5
23163.9
23228.5
22659.8
22361
24574.3
30833.9
24945.1
24493.9
25303.7
36074
34918
24187.6
24054.2
22151.4
23713.5
26692.1
25500.5
25377.7
26686.7
22884
23288.4
26231.6
27365.8
22674
22399.2
25054.3
23025.8
22615.8
26971.2
22294.3
22939.8
23343.4
23155
22847.9
23432.3
24263.7
42742.7
42381.1
36967
25787.6
22721.1
22850.6
22490.1
22565
22555.4
23911.5
44312.3
44045.1
33887.3
22238.1
23270.9
27514.4
26213.1
23517.3
25953.5
28614.5
24215.4
27958.8
22111.9
22140.8
22335.8
37179.7
39393.1
23029.4
21741.5
26095.1
21836.7
23996
23923.1
25662.3
22175.7
40680.4
38634.7
33908.6
23162
22511.7
22134.1
21920.5
21403.1
21535.5
22730
21688
21712
48614.2
48737.1
31416.3
22610.6
22568.5
22475.5
23333.3
22751.7
21702.3
24762.4
24998
22517.6
32763.2
23149.9
22812.4
24580.7
23862
22450.7
23669.5
28902.5
24321.6
23763.3
24168.3
23297.3
23738.1
23027.7
22405.3
22414
25262
27869.8
21745.6
22843.3
21990.6
23496
22166.5
22598.6
37916
24192.2
22073
3.852
2.185
2.37
2.204
2.778
2.296
1.833
2.389
3.871
4.315
3.37
3.481
2.741
3.37
3.315
2.926
3.408
2.389
2.648
