103.647
3.852
2.852
2.389
1.981
2.426
2.463
2.166
2.259
2.093
2.778
2.871
2.222
1.981
4.259
2.056
1.962
2.444
1.778
2.426
2.185
2.222
3.093
3.185
3.241
3.611
5.333
2.982
3.834
3.852
9.851
3.426
3.851
2.463
3.629
2.093
2.444
2.556
3.685
3.537
3.722
3.333
2.629
2.814
4.315
4.185
2.537
3.834
3.296
4.055
3.037
3.296
3.278
3.352
3.056
4.148
3.63
3.759
3.519
4.111
4.037
3.426
3.555
3.352
3.074
3.648
3.166
3.852
2.611
4.648
5.536
2.241
2.111
2.13
2.278
2.333
2.297
2.074
2.315
2.37
7.445
2.093
1.925
2.426
2.167
1.852
2.463
3.926
2.055
3.13
2.278
3.648
3.222
3.519
4.074
3.482
5.037
2.13
2.222
2.777
2.963
2.407
2.5
4.537
2.741
2.24
2.5
2.593
3.889
3.741
45550.8
55739.2
50231.1
43778.1
48251.6
47190.7
47989.7
45701.2
46442.2
45493.4
43298.2
45295.3
71494.5
44798.2
47104.7
47253.1
44054.7
45631.3
44861.7
44949.1
47088.3
44100.7
44140.1
46430.3
45249.4
44158.3
48179.5
45036.2
43310.1
45280
45273.7
44436.1
44655.3
44379.6
44521.5
44508.1
44461.6
47704.1
43775.7
45168.2
49289.9
48889.7
44629
46986
46868.1
49768.6
45160.7
45653
45546.3
46058.9
46855.5
43837.2
45165.7
45129.9
44325.1
45047.5
44457.7
42695.6
45702.8
42316.9
45894.4
43909.8
45254.5
43460.8
43352.1
42823.5
43188.9
44970.6
45348.4
45822.5
49576.2
71648.6
55182
43667.5
53082
44959.8
45484.2
47491.2
45394.9
46402.6
44712.7
47525
45804
47699.3
47726.1
46433.7
44403.3
43924.9
43986.7
44619
43650.3
43039.7
44633.7
75879.6
43734.6
45145.5
47501.8
44956.1
43779.3
45336
47193.8
43164.1
87849.5
62449.4
45031.8
44613.8
44611.9
43169.5
43751.1
43178.3
43646.1
42930
43295.2
42747.4
44436.9
42722.9
44386.6
42634
42818.5
44425.9
45390.7
41808.6
41771
41290.6
41753.5
43304
41344.2
41270.5
41903
42601.2
41320.9
41022.1
44481.2
41689
42779.1
47293.9
46287.8
40806.8
40871.1
44518.4
49010.2
66329.7
58028.6
43129.6
45251.4
42829.5
42695
42858.7
42625
42975.3
42843.6
43636.8
42278.2
43359.5
42508.7
43233.4
42446.2
42619
42072.6
42623.4
42924.1
43075.1
42561.5
42053
42713.3
42494.5
42029
42262.5
42235.2
43018.3
44438.9
45343.5
44801.6
46440.4
46491.7
46449.5
46017.4
44805.9
47084.4
48723
46946.8
46760.6
58984.6
79413.7
70521.9
45583.4
45291.7
50556.8
44920.4
46456.3
46699.4
45827.3
44713.5
64378.1
50045.6
46719.2
46453.7
48268.7
47090
45973.7
46170
45272.9
46310.1
80106.4
65469
47297.1
47286.7
46627
89911.6
71850.4
46586
45276.5
46347.7
48463
46661.1
46594
46990.2
47683.2
46187
46134.9
45448.4
45519.1
45340.6
46873.6
45537.4
45024.6
45869.7
44905.4
44784
44452.8
44613.2
44413.4
44622.7
44446.7
46399.6
44418.2
44907.4
44548.2
44707.7
44508.2
44251.2
44247.7
44737.2
44883
45041
46944.5
45582
45742.9
45531.4
45522.4
45433.4
44935.2
45318.4
45361.7
46187.8
46916.2
49045.1
45848.2
44293.4
48692.8
47214.7
76143.8
60219.2
47387.1
47969.5
44875
44709.2
46171.7
49240.7
45354.9
44743.1
48804.3
77981.6
46909.7
44291.1
47552.1
44300.4
43681.7
44343.1
43868.3
47393.4
45225.6
47258.4
47752.4
67440.5
47749.3
44370.5
45980.5
43528.3
44250.1
44091.5
43910.3
44880.2
49336.2
44866.9
49820.7
44420.2
44798
45035.6
47714.1
45436.4
47273.7
45717.2
67715.3
71086.4
49439.9
44957.6
47223.9
43932.1
47041.9
46446.9
47757.5
47248
44562.4
50187.4
46043.1
45431.4
44534.5
47102.3
49434.1
49221.3
45957.9
45359.7
45719.1
48267.2
50977.9
45319.5
45098.6
47484.6
47329.7
45389.8
44546.2
43525
49277.1
44239.8
45616.3
43807.2
45287.9
43615.8
2.129
2.685
2.333
3.759
2.148
2.666
2.389
5.871
2.463
3.315
3.463
5.037
2.685
2.759
3.759
3.055
2.815
3.723
3.63
