11.074
3.944
2.408
2.019
2.314
2.463
2.389
2.314
2.389
3.518
2.24
1.944
3.667
3.444
3.612
3.296
2.908
3.277
3.445
3.037
3.13
3.574
4.408
2.741
3.166
3.074
3.056
3.611
3.648
3.333
5.13
3.889
3.278
3.574
3.981
3.482
3.112
3.945
3.259
4.296
3.778
3.482
3.667
4.389
4.37
3.444
3.426
3.352
3.166
3.13
4.907
2.722
2.851
3.333
3.703
3.777
2.908
3.518
4.37
3.87
3.537
3.407
4.093
3.056
4.796
4.814
3.444
3.5
3.333
3.5
4.463
3.796
3.5
2.945
3.703
3.648
3.389
2.611
3.797
3.444
2.76
3.278
2.908
2.075
2.555
3
2.018
1.815
2.611
2.463
6.129
2.593
4.408
2.667
2
2.167
2.24
2.166
5.537
4.574
2.982
3.074
3.352
4.019
4.926
5.815
3.593
3.389
3.685
4.018
8606.62
8721.77
6756.91
9675.01
9503.01
9287.68
10282.6
8096.11
8186.87
9231.33
8868.31
11028.7
8863.36
9929.93
10052.6
10891.4
11448.7
4296.66
4389.03
4747.74
4424.26
4484.26
4457.9
4855.4
4445.57
4998.81
4843.4
4407.05
9333.99
9203.97
8776.7
8363.85
8650.68
7243.33
8077.72
12177.6
13294
4457.77
4384.5
4746.85
4458.05
4982.66
4745.22
4340.2
4519.02
4418.63
4483
4371.16
4816.5
10506.2
10780
10779.9
9324.01
4337.98
4308.09
4413.61
4421.11
5743.55
5555.49
4307.4
4364.42
4329.92
4300.27
5351.57
9056.94
7636.67
7238.3
7963.68
7182.69
4642.87
4388.33
4941.29
6728.86
5165.2
5172.23
6752.1
4528.29
5330.31
10248.6
9327.16
11507.5
9868.17
4475.24
5028.29
4477.92
5363.47
4330.26
4725.64
4373.63
4738.94
4766.24
9559.95
10681.9
8427.25
9823.06
8732.29
8132.57
8327.83
6972.08
7208.72
7529.08
7384.72
14931.8
11074.4
8301.09
8141.15
7946.15
7608.3
7249.85
7978.11
4471.66
4255.52
4339.33
4721.85
4463.92
4288.4
4568.33
5017.92
8900.38
7666.63
7234.95
7470.81
6816.67
7741.85
7330.06
6996.13
8238.48
8016.09
8840.07
9346.45
9050.53
9800.66
4169.18
4238.76
4230.44
4532.02
4739.29
4441
4283.37
4542.52
4286.26
4388.83
5162.94
9293.29
6370.64
8619.09
7721
9635.4
7823.48
7030.45
7770.7
6418.58
8066.37
11272.9
11124.3
8269.2
8968.49
8032.54
4612.01
4581.4
6389.1
4724.05
4344.31
4527.75
4371.26
4654.79
4387.94
5210.7
4256.83
4325.9
8339.51
9259.33
7141.89
7706.56
7937.65
7834.7
7101.46
8387.79
8974.92
8495.66
6941.85
9016.34
8675.55
6862.43
7914.78
8492.62
6812.5
7649.91
8336.48
7978.61
7508.04
7156.26
7508.07
11926.8
9754.53
9100.27
7543.48
6851.91
10058.2
9361.47
9532.88
8612.55
9795.58
12280.1
14295.6
10788.2
6775.34
7065.19
9928.99
9950.04
10218.3
11632
8724.38
9475.86
8779.68
10870.6
8693.7
8633.83
4748.5
5537.49
4514.92
4499.22
4585.07
4485.79
4559.35
4492.02
5464.99
11301.9
11543.2
8418.98
4589.11
5289.47
4984.64
4909.88
4963.2
5767.56
4458.79
4765.05
4830.92
4429.4
5020.81
4595.02
4527.57
11020.5
8986.1
8462.25
6743.73
6998.84
14029.7
13502.2
10339.5
4557.74
4552.76
5285.71
4742
4511.29
4484.16
5729.68
9777.03
9571.49
9692.08
8728.03
7722.78
10497
9862.91
8313.46
7712.85
4534.4
6168.93
4616.44
4585.42
4497.29
4616.25
4605.83
4443
6625.54
4450.89
4456.85
4707.77
4412.89
9131.07
9534.51
8696.2
7584.96
9856.4
7385.26
7387.06
7346.26
7717.2
8013.48
7589.87
9966.86
7509.67
10222.5
4617.14
4695.55
4788.35
4342.85
4738.31
4528.27
4471.02
4891.9
5001.85
9550.03
10487
9640.12
11634
4647.53
5410.05
4427.39
4444.92
4889.83
4641.92
4677.05
4774.51
4457.03
4804.27
10136.7
4469.42
5175.14
5647.81
4966.75
4564.53
4622.02
5047.36
7148.5
4671.9
4419.96
4791.83
4894.61
8243.37
7434.54
8242.11
6714.95
7536.52
8272.81
6679.84
7031.58
9466.03
3.963
3.667
3.778
4.315
3.167
2.722
3.703
2.926
3.203
8.129
3.315
3.648
2.87
2.982
3.352
3.185
3.407
3.278
3.667
