17.908
6.111
6.444
6.722
5.908
4.555
6.537
3.259
2.981
6.519
4.259
2.871
3.629
2.5
10.259
6.203
3.222
5.574
5.371
2.481
6.462
2.463
7.074
6.796
6.685
2.574
3.222
3.407
3.574
4
8.74
3.277
4.759
3.055
5
8.499
3.425
6.722
3.426
7.13
2.852
3.185
5.574
4.389
89716.7
88361.5
87324.5
114808
90526.9
87214.3
91281.3
84810.3
82618.4
87915.3
87625
90241.2
87645.4
85958.1
89631.8
86947.2
97914.2
88188.8
85157.3
85465.3
82463.2
95561.1
80445.9
82193
85381.4
87881.9
82433.4
83947.2
88781.8
12.481
4.796
85373.3
78326
84385.5
91770.2
88601.9
89022.6
83676.5
88261.4
82944.8
90073.1
92888.6
87194.4
78498
92126.2
89469.8
79823.6
82629.1
83784.9
78086.6
4.222
81273.4
84696.8
83684.6
77324.3
80379.7
91847
97758.9
79773.8
90332.3
91840.6
82499.1
95146.6
5.982
17.24
89360.3
87773.3
2.463
3.926
82146.1
86354
90090
4.629
4.518
86264.7
87243.5
85357.6
94440.8
80693
80000.7
85505.4
86310.9
94855.1
80385.4
79427.8
84858.9
85458.4
94180.9
86439.2
85563.3
85671.5
84279.6
92284.8
89214.2
87945.4
83993.3
84434.1
90477.5
87456.9
5.778
85532.8
88810.4
3.796
86183.7
90606
88577.4
2.611
2.815
3.649
5.982
85194.1
88599.1
82493.4
86643.3
86592.2
90091.4
82760.3
94406.7
95868.8
83335.9
85590.4
86733.2
82358.2
89288.6
90905.7
86404.5
7.074
2.666
85526.3
93043
89779.8
78917.6
4.556
5.945
87458.1
84154.8
85589.3
90890.5
88266.1
82499.1
87139.2
89601.3
86626.6
100587
88382.7
92997.1
76934.3
84829.7
87501
85686.9
3.204
8.944
5.74
3.241
8.889
83751.6
87621.1
82733.1
86089
3.444
92041.4
80737.5
89750.6
4.741
3.574
89031.8
86466.1
4.093
80883
87912.3
85668
2.389
4.945
5.556
83975.9
124978
98608.3
101426
3.629
5.667
5.519
4.852
5.351
84831.7
88477.3
90246.9
83541.4
9.741
87081.7
83115.4
87043.5
81543.9
85571.8
85903.8
82518
87453.9
100217
87723.5
89795.5
89035.6
91376.6
97601.4
88846.3
85273.3
95290.7
92428.4
80189.8
87615.8
88508.2
83421.9
86983.7
85915.5
88127.6
92557.2
78898.2
8.204
7.056
5.426
5.722
5.834
8.425
2.574
5.982
7.074
5.407
6.111
4.723
5.63
3.963
5.944
8.815
3.815
12.704
5.333
2.241
2.555
5.518
3.981
6.5
3.333
16.222
3.796
5.277
4.722
3.481
5.092
8.648
5.944
2.704
5.87
5.185
6.926
5.648
5.463
9.019
2.648
5.222
5
2.297
9.092
5.685
4.759
6.314
3.648
5.037
6.555
6.425
2.463
8.944
6.092
2.981
2.408
10.944
3.722
6.537
7.093
8.666
6.018
7.166
5.815
4.814
2.666
10.704
12.241
5.111
7.278
11.63
9.444
5.334
4.185
3.667
5.241
4.76
3.592
7.093
3.815
8.945
5.389
3.87
3.481
5.87
4.778
35.611
7.889
3.426
3.851
11.426
5.259
17.851
2.445
5.074
9.444
4.259
12.352
5.574
4.852
7.352
3.092
3.093
7.574
6.018
3.944
3.981
3.777
3.629
8.833
2.852
8.871
5.722
6.5
3.944
7.352
3.963
5.315
3.482
3.37
6.871
3.296
4.37
3.481
6.185
4.296
9.092
3.13
