51.833
4.093
2.852
3.111
1.982
2.166
2.5
2.204
2.333
2.352
1.945
2.241
3.685
3.426
4.203
3.444
3.834
3.518
3.13
3.574
3.092
3.426
2.87
2.796
4.204
2.482
2.315
2.5
2.463
2.611
2.778
3.5
7.204
4.296
5
2.999
4.167
4
3.963
3.741
5.185
4.722
4.722
3.241
4.833
5.425
3.26
3.5
3.649
4
6.537
3.703
4.241
3.611
3.648
4.388
4.74
3.5
3.851
2.797
2.037
5.537
1.889
2.259
4.315
2.277
4.13
3.907
3.648
4.778
3.982
2.926
1.963
2.352
2.519
2.092
2.278
2.13
2.445
2.519
2.611
2.129
2.63
2.444
2.056
2.13
2.204
2.425
5.499
3.703
2.278
2.704
3.593
3.241
3.741
3.574
2.963
3.426
5.778
4.297
3.871
2.944
3.537
7.148
4.148
3.648
4.278
3.796
3.556
3.648
41725.4
43632.4
21992.4
26034.7
22408.8
22626.8
24772.9
41697.2
27103.9
23688.3
21826.9
22900
21800.3
44585.6
37451.5
25859.3
24402.5
22806.4
23523.9
25878.4
23495.2
23429.5
23509.5
24789
22400.6
22479.4
23186.7
27923.9
35526.3
30814.4
22406.2
24516.3
23962.7
22354.7
23708.5
24518.6
25324.3
22629.3
23846.9
25373.6
22041.2
22132.2
25581.4
24262.1
41753.3
43574
43382.2
25586
23851.5
22050.7
25531.9
23394.1
21689.4
21645.1
22155.7
22942
21499.6
21520.3
21331.9
36836.6
42676.3
22614.8
21437
22545.7
23405.2
21864.3
21481.6
23175.5
25023.4
21678.8
23187.5
45007.1
41745.4
22708.6
21990.3
23708
24418.4
22422.9
23064.4
26845
24649.9
25519.6
22703.2
22062.5
21745.4
21726.1
41402.4
41605.9
24189
22115.7
22702
21770.6
22882.3
23534.7
43365.5
45714
25349.3
21572.7
22467.8
23534.6
22560.9
21387.5
51756.7
45902.8
34903.3
21775.1
24828.6
21666.1
21805.8
21535.9
25160
21937.3
21827
21518.4
22540
22836.7
22542.9
22595
37479.3
33974.8
40546.6
40181.7
32178.5
21866.6
21424.1
22769.2
23672.5
24908.5
20809.4
21022
20890.8
20668.7
21124.7
20859.7
20872.1
27253.4
46051.1
38331.7
21019.1
21336.2
23286
23787.5
21999.6
22087
23635
24055
22727.1
22896.3
21062.3
21176.2
23029.4
38239.4
39898.5
39658.5
22813
21338.7
21019.7
21137.8
20982.5
20952.1
21367
21559.9
21601.2
22113.7
21826.4
21940.9
21168.3
21109.7
21758.4
21171.5
34028
35317.4
22661.7
22753.2
23320.8
25741
22738.6
22663.4
23652.2
27836.6
22885.2
38877.4
31714.3
23283.7
25017
24100.7
22627.2
23389.6
25154.5
23603.8
22550.1
24082.4
43531.5
23892.2
23950.5
25285.2
23268.2
23459.2
27571.3
27551.9
24667.6
26036.9
23222.2
52770.8
53758.6
24241.9
22978.9
24599.2
50062.6
42241.2
37495.2
22384.2
21352.7
23461.5
22380.2
22186.6
22152.1
22499.7
22672.7
22764.9
22464.4
22620.1
22515.1
25330.9
23343.2
26424.1
26226.5
36310.5
35335.3
30713.3
21955.7
24326.4
22000.4
26935.4
24047.1
22320.1
22461.5
22593.7
22705.6
23328.5
24025.2
22476.9
22730.8
27074.5
45458.3
43432.5
27096.8
26216.2
23769.1
25140.3
26515.4
24443.7
23467.2
24885.6
24900.6
23309.6
37772.4
38850.3
22436.4
22300.8
22279.7
24818.9
25207.8
54186.9
41086
38128.1
32849.4
22799.9
25143.7
22551.8
23408.6
22537.2
23823.2
25961.4
24690.6
24663.3
25177.4
22288.1
23451.2
22330
42764.2
41703
22170.7
22452.9
22886
25471
22000.7
22135.6
23743.6
26287.1
22442.3
22857.9
45511
32887.4
28576.9
22281
22395
22632.2
22961
23221
26648.4
25425.5
46635.2
25973.3
29502.2
28758.4
26486.5
22773.7
22604.2
23297.4
28727.8
22171.1
25343.7
40039
42905.5
37684.9
22481.3
22048.1
23503.5
24513.3
23054.2
23546.5
22610.9
23764.3
23476.7
22952.4
22932.8
36267.4
39624.1
34496.6
21908.7
24303.4
21797.6
24960.6
24198.6
22138.8
22766.7
22845.3
21639.7
6.944
4.685
2.297
2.704
5.722
3.167
2.555
2.259
2.055
4.574
2.167
1.944
4.186
3.037
3.371
3.129
3.704
3.611
3.37
