14.685
4.703
2.222
6.963
2.797
6.537
5.426
7.74
5.426
4.371
6.019
2.518
2.704
7.037
8.629
3.981
2.537
2.871
5.537
2.092
4.87
5.926
9.333
9.203
8.759
2.63
5.87
6.462
2.407
10.834
5.907
71.204
3.759
6.537
4.278
7.944
6.426
2.185
3.333
5.5
5.87
7.093
2.834
5.24
6.648
4.963
2.778
13.926
5.685
3.926
6.259
2.277
7.704
5.315
2.629
2.852
5
3.13
4.537
33.574
2.741
1.926
7.222
4.203
2.556
7.296
6
5.111
4.389
18.888
7.426
3.278
2.778
2.796
4.851
5.555
2.092
2.481
14.13
4.204
4.555
2.889
6.426
3.408
2.797
2.444
3.889
2.203
2.296
3.426
4.371
9.592
6.833
4.019
7.037
3.685
3.482
6.093
2.629
5.889
6.093
6.407
3.408
10.426
2.926
5.074
4.982
4.259
2.796
5.333
13955.3
13660.9
13917.7
13214.2
13790.6
14236.2
14561.8
14321.2
15448.9
13265
13605.6
16002.1
14697.8
14302.8
24709.5
16135
21921.4
19610.9
15661.8
15728.8
13776.8
13245.1
13389.7
17422.9
15627
14198.5
16338.5
21817.4
14918.7
15344.4
29967.7
19056.7
15253.2
21823.5
25125.6
30825
14100.2
13325.5
13642.8
15084.1
14731.6
13699.8
21730.7
16324.1
17974.1
15094.3
14776.8
17578.5
16223.7
17291.8
19116.3
18529.1
16726.5
17736.4
15027.7
14408.4
19211.9
15638
14428.4
16003.4
22399.8
16312.4
14581.4
12956.5
14444.7
14313.7
13784.9
13336.7
17644.7
14745.7
15059.4
21153.8
17359.3
14846.4
13499.5
15393
14964.7
14496.2
14059.9
15254.4
15371.8
17608.3
15089.4
13776.2
22813.7
18358.6
15451.8
13541.4
14501.2
14008.1
14811.3
16823.4
14598.1
14879.2
21447.3
13617.5
15685.2
13913.5
15193.3
21660.6
20895.3
13349.6
16066.7
19996.9
24313.5
29049.8
21845.4
20309.6
15760.6
14065.5
15592.9
14377.2
13182
17308.2
30400
13835.4
22441.5
15983.6
14033.4
15525.3
15833.2
14045.2
13223.8
17246.3
17025
13530.3
19544.9
15628.8
15224.3
12771.6
12886
28339.9
13274
13649.7
13738.6
13225.2
18386.4
13594.4
17006.9
13105.5
18293.6
14710.8
15092.3
15054.5
13188
13807.2
13901.2
14864.5
17581.8
14249.6
13575.7
15975.9
15179.6
16901.7
15462.3
15585.1
15882.4
15005.7
18602.2
23489.2
14068
16627.2
22170.8
14142.4
22799.9
15289.5
16362.8
12921.4
18478.5
21621.5
14674.1
15336.2
15274.2
14111.6
17866.9
15298.2
14357.2
14458.8
15696.6
19065
13788.3
13855.3
15006.8
14308.4
15174
17390.6
15588.3
15826.3
16028.4
15393.1
27314.6
19126.6
15442.4
15796.6
16020.3
15942.6
15611.3
14185.8
16880.1
23281.1
27664.1
18500.9
28012.7
14498.7
15927.1
14696.7
14500.3
14239.7
17653.7
27616.2
15203.1
15322.1
13181.4
14259.5
13563.4
13623.9
13371.1
29864
13724.7
14793.1
13694.1
16309.3
14533.7
19625.4
16630.9
18257.9
15709.9
14886.9
15634.7
16700.2
13720
16292.1
13892.5
13789.1
15616.9
15104.1
16928
13837.2
13445
21099.6
15807.6
13803.4
13562.5
14499.7
17862.6
16583
14706.3
14089
14787.8
20917
13892.2
15737.3
14019.7
15106.5
16534.4
15000.6
16478.5
13883.2
15368
16656.4
13875
14485.7
17421
13700.4
18930.4
14622.2
23201.6
21985.1
22961.1
23433.3
15610.5
13720.6
14235.8
16413.2
24424
25619
26051.1
15510.9
20099
17767.7
20132.5
16462.1
13978.2
13299.7
16488
15052.7
14140
18341.1
14320.9
16073.7
23945.7
13287.3
14239.1
14493.5
14143.4
14220.7
14853.2
21963.9
15716.5
14659.9
13639.1
16728.5
13658
22283
16343.2
27855.6
15992.3
13655
15890.2
15266.3
17803.8
17049.7
14938.3
14554.4
14948.4
24038.1
17320.2
13709.1
14961.5
14738.4
15648.1
13931.2
14041.8
21166.4
17877.6
16831.2
13438.8
14212.9
13185
19108.6
15039.4
15192.9
13365.3
18179.5
13726.2
14907
14751.2
16701.1
13984
2.537
4.148
3.611
11.445
2.945
3.463
2.704
2.425
2.759
5.648
2.407
3.778
3.241
4.537
2.723
9.482
7.445
3.055
8.278
